 (1511853388.533452)  can1  18DA00F1   [8]  30 08 00 00 00 00 00 00
 (1511853388.693522)  can1  18DA00F1   [8]  30 08 00 00 00 00 00 00
 (1511853388.700016)  can1  18DA00F1   [8]  30 08 00 00 00 00 00 00
 (1511853388.707744)  can1  18DA00F1   [8]  30 08 00 00 00 00 00 00
 (1511853388.714150)  can1  18DA00F1   [8]  30 08 00 00 00 00 00 00
 (1511853388.753712)  can1  18DA00F1   [8]  30 08 00 00 00 00 00 00
 (1511853388.913507)  can1  18DA00F1   [8]  30 08 00 00 00 00 00 00
 (1511853388.920001)  can1  18DA00F1   [8]  30 08 00 00 00 00 00 00
 (1511853388.928925)  can1  18DA00F1   [8]  30 08 00 00 00 00 00 00
 (1511853388.937755)  can1  18DA00F1   [8]  30 08 00 00 00 00 00 00
 (1511853388.983565)  can1  18DA00F1   [8]  30 08 00 00 00 00 00 00
 (1511853389.043660)  can1  18DA00F1   [8]  30 08 00 00 00 00 00 00
 (1511853389.083538)  can1  18DA00F1   [8]  30 08 00 00 00 00 00 00
 (1511853389.091593)  can1  18DA00F1   [8]  30 08 00 00 00 00 00 00
 (1511853389.099979)  can1  18DA00F1   [8]  30 08 00 00 00 00 00 00
 (1511853389.107776)  can1  18DA00F1   [8]  30 08 00 00 00 00 00 00
 (1511853389.153315)  can1  18DA00F1   [8]  30 08 00 00 00 00 00 00
 (1511853389.323498)  can1  18DA00F1   [8]  30 08 00 00 00 00 00 00
 (1511853389.331167)  can1  18DA00F1   [8]  30 08 00 00 00 00 00 00
 (1511853389.339513)  can1  18DA00F1   [8]  30 08 00 00 00 00 00 00
 (1511853389.346622)  can1  18DA00F1   [8]  30 08 00 00 00 00 00 00
 (1511853389.393548)  can1  18DA00F1   [8]  30 08 00 00 00 00 00 00
 (1511853389.563610)  can1  18DA00F1   [8]  30 08 00 00 00 00 00 00
 (1511853389.570641)  can1  18DA00F1   [8]  30 08 00 00 00 00 00 00
 (1511853389.578988)  can1  18DA00F1   [8]  30 08 00 00 00 00 00 00
 (1511853389.587821)  can1  18DA00F1   [8]  30 08 00 00 00 00 00 00
 (1511853389.643612)  can1  18DA00F1   [8]  30 08 00 00 00 00 00 00
 (1511853389.803566)  can1  18DA00F1   [8]  30 08 00 00 00 00 00 00
 (1511853389.810028)  can1  18DA00F1   [8]  30 08 00 00 00 00 00 00
 (1511853389.817858)  can1  18DA00F1   [8]  30 08 00 00 00 00 00 00
 (1511853389.824245)  can1  18DA00F1   [8]  30 08 00 00 00 00 00 00
 (1511853389.873605)  can1  18DA00F1   [8]  30 08 00 00 00 00 00 00
 (1511853390.033524)  can1  18DA00F1   [8]  30 08 00 00 00 00 00 00
 (1511853390.040106)  can1  18DA00F1   [8]  30 08 00 00 00 00 00 00
 (1511853390.047178)  can1  18DA00F1   [8]  30 08 00 00 00 00 00 00
 (1511853390.053393)  can1  18DA00F1   [8]  30 08 00 00 00 00 00 00
 (1511853390.103596)  can1  18DA00F1   [8]  30 08 00 00 00 00 00 00
 (1511853390.163650)  can1  18DA00F1   [8]  30 08 00 00 00 00 00 00
 (1511853390.213582)  can1  18DA00F1   [8]  30 08 00 00 00 00 00 00
 (1511853390.220056)  can1  18DA00F1   [8]  30 08 00 00 00 00 00 00
 (1511853390.229552)  can1  18DA00F1   [8]  30 08 00 00 00 00 00 00
 (1511853390.237273)  can1  18DA00F1   [8]  30 08 00 00 00 00 00 00
 (1511853390.283583)  can1  18DA00F1   [8]  30 08 00 00 00 00 00 00
 (1511853390.453763)  can1  18DA00F1   [8]  30 08 00 00 00 00 00 00
 (1511853390.460225)  can1  18DA00F1   [8]  30 08 00 00 00 00 00 00
 (1511853390.467966)  can1  18DA00F1   [8]  30 08 00 00 00 00 00 00
 (1511853390.476203)  can1  18DA00F1   [8]  30 08 00 00 00 00 00 00
 (1511853390.523558)  can1  18DA00F1   [8]  30 08 00 00 00 00 00 00
 (1511853390.723556)  can1  18DA00F1   [8]  30 08 00 00 00 00 00 00
 (1511853390.731185)  can1  18DA00F1   [8]  30 08 00 00 00 00 00 00
 (1511853390.738945)  can1  18DA00F1   [8]  30 08 00 00 00 00 00 00
 (1511853390.746017)  can1  18DA00F1   [8]  30 08 00 00 00 00 00 00
 (1511853390.803616)  can1  18DA00F1   [8]  30 08 00 00 00 00 00 00
 (1511853390.963646)  can1  18DA00F1   [8]  30 08 00 00 00 00 00 00
 (1511853390.971161)  can1  18DA00F1   [8]  30 08 00 00 00 00 00 00
 (1511853390.980646)  can1  18DA00F1   [8]  30 08 00 00 00 00 00 00
 (1511853390.989470)  can1  18DA00F1   [8]  30 08 00 00 00 00 00 00
 (1511853391.043663)  can1  18DA00F1   [8]  30 08 00 00 00 00 00 00
 (1511853391.213676)  can1  18DA00F1   [8]  30 08 00 00 00 00 00 00
 (1511853391.253814)  can1  18DA00F1   [8]  30 08 00 00 00 00 00 00
 (1511853391.260937)  can1  18DA00F1   [8]  30 08 00 00 00 00 00 00
 (1511853391.268621)  can1  18DA00F1   [8]  30 08 00 00 00 00 00 00
 (1511853391.278086)  can1  18DA00F1   [8]  30 08 00 00 00 00 00 00
 (1511853391.333577)  can1  18DA00F1   [8]  30 08 00 00 00 00 00 00
 (1511853391.503659)  can1  18DA00F1   [8]  30 08 00 00 00 00 00 00
 (1511853391.510155)  can1  18DA00F1   [8]  30 08 00 00 00 00 00 00
 (1511853391.517926)  can1  18DA00F1   [8]  30 08 00 00 00 00 00 00
 (1511853391.526802)  can1  18DA00F1   [8]  30 08 00 00 00 00 00 00
 (1511853391.573673)  can1  18DA00F1   [8]  30 08 00 00 00 00 00 00
 (1511853391.733613)  can1  18DA00F1   [8]  30 08 00 00 00 00 00 00
 (1511853391.740100)  can1  18DA00F1   [8]  30 08 00 00 00 00 00 00
 (1511853391.747160)  can1  18DA00F1   [8]  30 08 00 00 00 00 00 00
 (1511853391.753465)  can1  18DA00F1   [8]  30 08 00 00 00 00 00 00
 (1511853391.803659)  can1  18DA00F1   [8]  30 08 00 00 00 00 00 00
 (1511853391.973781)  can1  18DA00F1   [8]  30 08 00 00 00 00 00 00
 (1511853391.981364)  can1  18DA00F1   [8]  30 08 00 00 00 00 00 00
 (1511853391.990205)  can1  18DA00F1   [8]  30 08 00 00 00 00 00 00
 (1511853391.997871)  can1  18DA00F1   [8]  30 08 00 00 00 00 00 00
 (1511853392.043710)  can1  18DA00F1   [8]  30 08 00 00 00 00 00 00
 (1511853392.223616)  can1  18DA00F1   [8]  30 08 00 00 00 00 00 00
 (1511853392.231850)  can1  18DA00F1   [8]  30 08 00 00 00 00 00 00
 (1511853392.239527)  can1  18DA00F1   [8]  30 08 00 00 00 00 00 00
 (1511853392.246661)  can1  18DA00F1   [8]  30 08 00 00 00 00 00 00
 (1511853392.293662)  can1  18DA00F1   [8]  30 08 00 00 00 00 00 00
 (1511853392.363779)  can1  18DA00F1   [8]  30 08 00 00 00 00 00 00
 (1511853392.413668)  can1  18DA00F1   [8]  30 08 00 00 00 00 00 00
 (1511853392.420192)  can1  18DA00F1   [8]  30 08 00 00 00 00 00 00
 (1511853392.429746)  can1  18DA00F1   [8]  30 08 00 00 00 00 00 00
 (1511853392.437401)  can1  18DA00F1   [8]  30 08 00 00 00 00 00 00
 (1511853392.483693)  can1  18DA00F1   [8]  30 08 00 00 00 00 00 00
 (1511853392.663683)  can1  18DA00F1   [8]  30 08 00 00 00 00 00 00
 (1511853392.670143)  can1  18DA00F1   [8]  30 08 00 00 00 00 00 00
 (1511853392.678524)  can1  18DA00F1   [8]  30 08 00 00 00 00 00 00
 (1511853392.687995)  can1  18DA00F1   [8]  30 08 00 00 00 00 00 00
 (1511853392.733614)  can1  18DA00F1   [8]  30 08 00 00 00 00 00 00
 (1511853392.903710)  can1  18DA00F1   [8]  30 08 00 00 00 00 00 00
 (1511853392.911981)  can1  18DA00F1   [8]  30 08 00 00 00 00 00 00
 (1511853392.919772)  can1  18DA00F1   [8]  30 08 00 00 00 00 00 00
 (1511853392.928606)  can1  18DA00F1   [8]  30 08 00 00 00 00 00 00
 (1511853392.973775)  can1  18DA00F1   [8]  30 08 00 00 00 00 00 00
 (1511853393.143779)  can1  18DA00F1   [8]  30 08 00 00 00 00 00 00
 (1511853393.149736)  can1  18DA00F1   [8]  30 08 00 00 00 00 00 00
 (1511853393.158078)  can1  18DA00F1   [8]  30 08 00 00 00 00 00 00
 (1511853393.165823)  can1  18DA00F1   [8]  30 08 00 00 00 00 00 00
 (1511853393.203707)  can1  18DA00F1   [8]  30 08 00 00 00 00 00 00
 (1511853393.363753)  can1  18DA00F1   [8]  30 08 00 00 00 00 00 00
 (1511853393.370818)  can1  18DA00F1   [8]  30 08 00 00 00 00 00 00
 (1511853393.379677)  can1  18DA00F1   [8]  30 08 00 00 00 00 00 00
 (1511853393.388515)  can1  18DA00F1   [8]  30 08 00 00 00 00 00 00
 (1511853393.443782)  can1  18DA00F1   [8]  30 08 00 00 00 00 00 00
 (1511853393.493788)  can1  18DA00F1   [8]  30 08 00 00 00 00 00 00
 (1511853393.533679)  can1  18DA00F1   [8]  30 08 00 00 00 00 00 00
 (1511853393.540579)  can1  18DA00F1   [8]  30 08 00 00 00 00 00 00
 (1511853393.548302)  can1  18DA00F1   [8]  30 08 00 00 00 00 00 00
 (1511853393.554683)  can1  18DA00F1   [8]  30 08 00 00 00 00 00 00
 (1511853393.603742)  can1  18DA00F1   [8]  30 08 00 00 00 00 00 00
 (1511853393.773778)  can1  18DA00F1   [8]  30 08 00 00 00 00 00 00
 (1511853393.782182)  can1  18DA00F1   [8]  30 08 00 00 00 00 00 00
 (1511853393.791709)  can1  18DA00F1   [8]  30 08 00 00 00 00 00 00
 (1511853393.800619)  can1  18DA00F1   [8]  30 08 00 00 00 00 00 00
 (1511853393.853917)  can1  18DA00F1   [8]  30 08 00 00 00 00 00 00
 (1511853393.943786)  can1  18DA00F1   [8]  30 08 00 00 00 00 00 00
 (1511853393.950238)  can1  18DA00F1   [8]  30 08 00 00 00 00 00 00
 (1511853393.958632)  can1  18DA00F1   [8]  30 08 00 00 00 00 00 00
 (1511853393.966946)  can1  18DA00F1   [8]  30 08 00 00 00 00 00 00
 (1511853394.013743)  can1  18DA00F1   [8]  30 08 00 00 00 00 00 00
 (1511853394.183778)  can1  18DA00F1   [8]  30 08 00 00 00 00 00 00
 (1511853394.192086)  can1  18DA00F1   [8]  30 08 00 00 00 00 00 00
 (1511853394.199758)  can1  18DA00F1   [8]  30 08 00 00 00 00 00 00
 (1511853394.207394)  can1  18DA00F1   [8]  30 08 00 00 00 00 00 00
 (1511853394.253943)  can1  18DA00F1   [8]  30 08 00 00 00 00 00 00
 (1511853394.423722)  can1  18DA00F1   [8]  30 08 00 00 00 00 00 00
 (1511853394.431379)  can1  18DA00F1   [8]  30 08 00 00 00 00 00 00
 (1511853394.439607)  can1  18DA00F1   [8]  30 08 00 00 00 00 00 00
 (1511853394.446621)  can1  18DA00F1   [8]  30 08 00 00 00 00 00 00
 (1511853394.493768)  can1  18DA00F1   [8]  30 08 00 00 00 00 00 00
 (1511853394.563844)  can1  18DA00F1   [8]  30 08 00 00 00 00 00 00
 (1511853394.603780)  can1  18DA00F1   [8]  30 08 00 00 00 00 00 00
 (1511853394.610257)  can1  18DA00F1   [8]  30 08 00 00 00 00 00 00
 (1511853394.618037)  can1  18DA00F1   [8]  30 08 00 00 00 00 00 00
 (1511853394.624421)  can1  18DA00F1   [8]  30 08 00 00 00 00 00 00
 (1511853394.673813)  can1  18DA00F1   [8]  30 08 00 00 00 00 00 00
 (1511853394.843843)  can1  18DA00F1   [8]  30 08 00 00 00 00 00 00
 (1511853394.850369)  can1  18DA00F1   [8]  30 08 00 00 00 00 00 00
 (1511853394.859877)  can1  18DA00F1   [8]  30 08 00 00 00 00 00 00
 (1511853394.868131)  can1  18DA00F1   [8]  30 08 00 00 00 00 00 00
 (1511853394.913776)  can1  18DA00F1   [8]  30 08 00 00 00 00 00 00
 (1511853395.083817)  can1  18DA00F1   [8]  30 08 00 00 00 00 00 00
 (1511853395.092056)  can1  18DA00F1   [8]  30 08 00 00 00 00 00 00
 (1511853395.099786)  can1  18DA00F1   [8]  30 08 00 00 00 00 00 00
 (1511853395.107585)  can1  18DA00F1   [8]  30 08 00 00 00 00 00 00
 (1511853395.154190)  can1  18DA00F1   [8]  30 08 00 00 00 00 00 00
 (1511853395.333759)  can1  18DA00F1   [8]  30 08 00 00 00 00 00 00
 (1511853395.340909)  can1  18DA00F1   [8]  30 08 00 00 00 00 00 00
 (1511853395.348037)  can1  18DA00F1   [8]  30 08 00 00 00 00 00 00
 (1511853395.354423)  can1  18DA00F1   [8]  30 08 00 00 00 00 00 00
 (1511853395.403808)  can1  18DA00F1   [8]  30 08 00 00 00 00 00 00
 (1511853395.563862)  can1  18DA00F1   [8]  30 08 00 00 00 00 00 00
 (1511853395.570330)  can1  18DA00F1   [8]  30 08 00 00 00 00 00 00
 (1511853395.579256)  can1  18DA00F1   [8]  30 08 00 00 00 00 00 00
 (1511853395.588056)  can1  18DA00F1   [8]  30 08 00 00 00 00 00 00
 (1511853395.633773)  can1  18DA00F1   [8]  30 08 00 00 00 00 00 00
 (1511853395.683885)  can1  18DA00F1   [8]  30 08 00 00 00 00 00 00
 (1511853395.723800)  can1  18DA00F1   [8]  30 08 00 00 00 00 00 00
 (1511853395.732169)  can1  18DA00F1   [8]  30 08 00 00 00 00 00 00
 (1511853395.739888)  can1  18DA00F1   [8]  30 08 00 00 00 00 00 00
 (1511853395.746932)  can1  18DA00F1   [8]  30 08 00 00 00 00 00 00
 (1511853395.793828)  can1  18DA00F1   [8]  30 08 00 00 00 00 00 00
 (1511853395.973933)  can1  18DA00F1   [8]  30 08 00 00 00 00 00 00
 (1511853395.980972)  can1  18DA00F1   [8]  30 08 00 00 00 00 00 00
 (1511853395.990400)  can1  18DA00F1   [8]  30 08 00 00 00 00 00 00
 (1511853395.998093)  can1  18DA00F1   [8]  30 08 00 00 00 00 00 00
 (1511853396.054022)  can1  18DA00F1   [8]  30 08 00 00 00 00 00 00
 (1511853396.213848)  can1  18DA00F1   [8]  30 08 00 00 00 00 00 00
 (1511853396.220447)  can1  18DA00F1   [8]  30 08 00 00 00 00 00 00
 (1511853396.229330)  can1  18DA00F1   [8]  30 08 00 00 00 00 00 00
 (1511853396.237577)  can1  18DA00F1   [8]  30 08 00 00 00 00 00 00
 (1511853396.283858)  can1  18DA00F1   [8]  30 08 00 00 00 00 00 00
 (1511853396.443920)  can1  18DA00F1   [8]  30 08 00 00 00 00 00 00
 (1511853396.449846)  can1  18DA00F1   [8]  30 08 00 00 00 00 00 00
 (1511853396.458231)  can1  18DA00F1   [8]  30 08 00 00 00 00 00 00
 (1511853396.465980)  can1  18DA00F1   [8]  30 08 00 00 00 00 00 00
 (1511853396.513845)  can1  18DA00F1   [8]  30 08 00 00 00 00 00 00
 (1511853396.683893)  can1  18DA00F1   [8]  30 08 00 00 00 00 00 00
 (1511853396.692115)  can1  18DA00F1   [8]  30 08 00 00 00 00 00 00
 (1511853396.699855)  can1  18DA00F1   [8]  30 08 00 00 00 00 00 00
 (1511853396.707509)  can1  18DA00F1   [8]  30 08 00 00 00 00 00 00
 (1511853396.754061)  can1  18DA00F1   [8]  30 08 00 00 00 00 00 00
 (1511853396.813914)  can1  18DA00F1   [8]  30 08 00 00 00 00 00 00
 (1511853396.854059)  can1  18DA00F1   [8]  30 08 00 00 00 00 00 00
 (1511853396.861750)  can1  18DA00F1   [8]  30 08 00 00 00 00 00 00
 (1511853396.870132)  can1  18DA00F1   [8]  30 08 00 00 00 00 00 00
 (1511853396.879039)  can1  18DA00F1   [8]  30 08 00 00 00 00 00 00
 (1511853396.933825)  can1  18DA00F1   [8]  30 08 00 00 00 00 00 00
 (1511853397.113902)  can1  18DA00F1   [8]  30 08 00 00 00 00 00 00
 (1511853397.121053)  can1  18DA00F1   [8]  30 08 00 00 00 00 00 00
 (1511853397.130119)  can1  18DA00F1   [8]  30 08 00 00 00 00 00 00
 (1511853397.138437)  can1  18DA00F1   [8]  30 08 00 00 00 00 00 00
 (1511853397.183903)  can1  18DA00F1   [8]  30 08 00 00 00 00 00 00
 (1511853397.363927)  can1  18DA00F1   [8]  30 08 00 00 00 00 00 00
 (1511853397.371098)  can1  18DA00F1   [8]  30 08 00 00 00 00 00 00
 (1511853397.379388)  can1  18DA00F1   [8]  30 08 00 00 00 00 00 00
 (1511853397.388752)  can1  18DA00F1   [8]  30 08 00 00 00 00 00 00
 (1511853397.443954)  can1  18DA00F1   [8]  30 08 00 00 00 00 00 00
 (1511853397.613897)  can1  18DA00F1   [8]  30 08 00 00 00 00 00 00
 (1511853397.620507)  can1  18DA00F1   [8]  30 08 00 00 00 00 00 00
 (1511853397.629489)  can1  18DA00F1   [8]  30 08 00 00 00 00 00 00
 (1511853397.637102)  can1  18DA00F1   [8]  30 08 00 00 00 00 00 00
 (1511853397.683923)  can1  18DA00F1   [8]  30 08 00 00 00 00 00 00
 (1511853397.854107)  can1  18DA00F1   [8]  30 08 00 00 00 00 00 00
 (1511853397.862483)  can1  18DA00F1   [8]  30 08 00 00 00 00 00 00
 (1511853397.870724)  can1  18DA00F1   [8]  30 08 00 00 00 00 00 00
 (1511853397.879472)  can1  18DA00F1   [8]  30 08 00 00 00 00 00 00
 (1511853397.933893)  can1  18DA00F1   [8]  30 08 00 00 00 00 00 00
 (1511853397.983980)  can1  18DA00F1   [8]  30 08 00 00 00 00 00 00
 (1511853398.023893)  can1  18DA00F1   [8]  30 08 00 00 00 00 00 00
 (1511853398.032154)  can1  18DA00F1   [8]  30 08 00 00 00 00 00 00
 (1511853398.039870)  can1  18DA00F1   [8]  30 08 00 00 00 00 00 00
 (1511853398.046965)  can1  18DA00F1   [8]  30 08 00 00 00 00 00 00
 (1511853398.093952)  can1  18DA00F1   [8]  30 08 00 00 00 00 00 00
 (1511853398.254120)  can1  18DA00F1   [8]  30 08 00 00 00 00 00 00
 (1511853398.261826)  can1  18DA00F1   [8]  30 08 00 00 00 00 00 00
 (1511853398.269607)  can1  18DA00F1   [8]  30 08 00 00 00 00 00 00
 (1511853398.279015)  can1  18DA00F1   [8]  30 08 00 00 00 00 00 00
 (1511853398.323917)  can1  18DA00F1   [8]  30 08 00 00 00 00 00 00
 (1511853398.503973)  can1  18DA00F1   [8]  30 08 00 00 00 00 00 00
 (1511853398.510410)  can1  18DA00F1   [8]  30 08 00 00 00 00 00 00
 (1511853398.518200)  can1  18DA00F1   [8]  30 08 00 00 00 00 00 00
 (1511853398.524617)  can1  18DA00F1   [8]  30 08 00 00 00 00 00 00
 (1511853398.574005)  can1  18DA00F1   [8]  30 08 00 00 00 00 00 00
 (1511853398.733915)  can1  18DA00F1   [8]  30 08 00 00 00 00 00 00
 (1511853398.740416)  can1  18DA00F1   [8]  30 08 00 00 00 00 00 00
 (1511853398.747558)  can1  18DA00F1   [8]  30 08 00 00 00 00 00 00
 (1511853398.753806)  can1  18DA00F1   [8]  30 08 00 00 00 00 00 00
 (1511853398.803974)  can1  18DA00F1   [8]  30 08 00 00 00 00 00 00
 (1511853398.974051)  can1  18DA00F1   [8]  30 08 00 00 00 00 00 00
 (1511853398.981101)  can1  18DA00F1   [8]  30 08 00 00 00 00 00 00
 (1511853398.989972)  can1  18DA00F1   [8]  30 08 00 00 00 00 00 00
 (1511853398.998838)  can1  18DA00F1   [8]  30 08 00 00 00 00 00 00
 (1511853399.044043)  can1  18DA00F1   [8]  30 08 00 00 00 00 00 00
 (1511853399.094044)  can1  18DA00F1   [8]  30 08 00 00 00 00 00 00
 (1511853399.144036)  can1  18DA00F1   [8]  30 08 00 00 00 00 00 00
 (1511853399.149950)  can1  18DA00F1   [8]  30 08 00 00 00 00 00 00
 (1511853399.158256)  can1  18DA00F1   [8]  30 08 00 00 00 00 00 00
 (1511853399.164653)  can1  18DA00F1   [8]  30 08 00 00 00 00 00 00
 (1511853399.214020)  can1  18DA00F1   [8]  30 08 00 00 00 00 00 00
 (1511853399.374046)  can1  18DA00F1   [8]  30 08 00 00 00 00 00 00
 (1511853399.381732)  can1  18DA00F1   [8]  30 08 00 00 00 00 00 00
 (1511853399.390716)  can1  18DA00F1   [8]  30 08 00 00 00 00 00 00
 (1511853399.398406)  can1  18DA00F1   [8]  30 08 00 00 00 00 00 00
 (1511853399.454165)  can1  18DA00F1   [8]  30 08 00 00 00 00 00 00
 (1511853399.623974)  can1  18DA00F1   [8]  30 08 00 00 00 00 00 00
 (1511853399.631668)  can1  18DA00F1   [8]  30 08 00 00 00 00 00 00
 (1511853399.639968)  can1  18DA00F1   [8]  30 08 00 00 00 00 00 00
 (1511853399.647015)  can1  18DA00F1   [8]  30 08 00 00 00 00 00 00
 (1511853399.693997)  can1  18DA00F1   [8]  30 08 00 00 00 00 00 00
 (1511853399.864064)  can1  18DA00F1   [8]  30 08 00 00 00 00 00 00
 (1511853399.872599)  can1  18DA00F1   [8]  30 08 00 00 00 00 00 00
 (1511853399.881572)  can1  18DA00F1   [8]  30 08 00 00 00 00 00 00
 (1511853399.891044)  can1  18DA00F1   [8]  30 08 00 00 00 00 00 00
 (1511853399.944038)  can1  18DA00F1   [8]  30 08 00 00 00 00 00 00
 (1511853400.123970)  can1  18DA00F1   [8]  30 08 00 00 00 00 00 00
 (1511853400.131684)  can1  18DA00F1   [8]  30 08 00 00 00 00 00 00
 (1511853400.139434)  can1  18DA00F1   [8]  30 08 00 00 00 00 00 00
 (1511853400.147146)  can1  18DA00F1   [8]  30 08 00 00 00 00 00 00
 (1511853400.194047)  can1  18DA00F1   [8]  30 08 00 00 00 00 00 00
 (1511853400.244152)  can1  18DA00F1   [8]  30 08 00 00 00 00 00 00
 (1511853400.384049)  can1  18DA00F1   [8]  30 08 00 00 00 00 00 00
 (1511853400.391672)  can1  18DA00F1   [8]  30 08 00 00 00 00 00 00
 (1511853400.399973)  can1  18DA00F1   [8]  30 08 00 00 00 00 00 00
 (1511853400.408303)  can1  18DA00F1   [8]  30 08 00 00 00 00 00 00
 (1511853400.444106)  can1  18DA00F1   [8]  30 08 00 00 00 00 00 00
 (1511853400.614100)  can1  18DA00F1   [8]  30 08 00 00 00 00 00 00
 (1511853400.621152)  can1  18DA00F1   [8]  30 08 00 00 00 00 00 00
 (1511853400.630145)  can1  18DA00F1   [8]  30 08 00 00 00 00 00 00
 (1511853400.637810)  can1  18DA00F1   [8]  30 08 00 00 00 00 00 00
 (1511853400.684051)  can1  18DA00F1   [8]  30 08 00 00 00 00 00 00
 (1511853400.874103)  can1  18DA00F1   [8]  30 08 00 00 00 00 00 00
 (1511853400.881721)  can1  18DA00F1   [8]  30 08 00 00 00 00 00 00
 (1511853400.891183)  can1  18DA00F1   [8]  30 08 00 00 00 00 00 00
 (1511853400.899370)  can1  18DA00F1   [8]  30 08 00 00 00 00 00 00
 (1511853400.944100)  can1  18DA00F1   [8]  30 08 00 00 00 00 00 00
 (1511853401.104070)  can1  18DA00F1   [8]  30 08 00 00 00 00 00 00
 (1511853401.110608)  can1  18DA00F1   [8]  30 08 00 00 00 00 00 00
 (1511853401.118296)  can1  18DA00F1   [8]  30 08 00 00 00 00 00 00
 (1511853401.124659)  can1  18DA00F1   [8]  30 08 00 00 00 00 00 00
 (1511853401.174131)  can1  18DA00F1   [8]  30 08 00 00 00 00 00 00
 (1511853401.284142)  can1  18DA00F1   [8]  30 08 00 00 00 00 00 00
 (1511853401.344136)  can1  18DA00F1   [8]  30 08 00 00 00 00 00 00
 (1511853401.350060)  can1  18DA00F1   [8]  30 08 00 00 00 00 00 00
 (1511853401.357787)  can1  18DA00F1   [8]  30 08 00 00 00 00 00 00
 (1511853401.364251)  can1  18DA00F1   [8]  30 08 00 00 00 00 00 00
 (1511853401.414063)  can1  18DA00F1   [8]  30 08 00 00 00 00 00 00
 (1511853401.574137)  can1  18DA00F1   [8]  30 08 00 00 00 00 00 00
 (1511853401.581151)  can1  18DA00F1   [8]  30 08 00 00 00 00 00 00
 (1511853401.590624)  can1  18DA00F1   [8]  30 08 00 00 00 00 00 00
 (1511853401.598284)  can1  18DA00F1   [8]  30 08 00 00 00 00 00 00
 (1511853401.644146)  can1  18DA00F1   [8]  30 08 00 00 00 00 00 00
 (1511853401.804103)  can1  18DA00F1   [8]  30 08 00 00 00 00 00 00
 (1511853401.810567)  can1  18DA00F1   [8]  30 08 00 00 00 00 00 00
 (1511853401.818295)  can1  18DA00F1   [8]  30 08 00 00 00 00 00 00
 (1511853401.824687)  can1  18DA00F1   [8]  30 08 00 00 00 00 00 00
 (1511853401.874165)  can1  18DA00F1   [8]  30 08 00 00 00 00 00 00
 (1511853402.054333)  can1  18DA00F1   [8]  30 08 00 00 00 00 00 00
 (1511853402.060855)  can1  18DA00F1   [8]  30 08 00 00 00 00 00 00
 (1511853402.068668)  can1  18DA00F1   [8]  30 08 00 00 00 00 00 00
 (1511853402.079078)  can1  18DA00F1   [8]  30 08 00 00 00 00 00 00
 (1511853402.134088)  can1  18DA00F1   [8]  30 08 00 00 00 00 00 00
 (1511853402.314119)  can1  18DA00F1   [8]  30 08 00 00 00 00 00 00
 (1511853402.320647)  can1  18DA00F1   [8]  30 08 00 00 00 00 00 00
 (1511853402.330198)  can1  18DA00F1   [8]  30 08 00 00 00 00 00 00
 (1511853402.338456)  can1  18DA00F1   [8]  30 08 00 00 00 00 00 00
 (1511853402.384130)  can1  18DA00F1   [8]  30 08 00 00 00 00 00 00
 (1511853402.444245)  can1  18DA00F1   [8]  30 08 00 00 00 00 00 00
 (1511853402.484137)  can1  18DA00F1   [8]  30 08 00 00 00 00 00 00
 (1511853402.491844)  can1  18DA00F1   [8]  30 08 00 00 00 00 00 00
 (1511853402.499625)  can1  18DA00F1   [8]  30 08 00 00 00 00 00 00
 (1511853402.507274)  can1  18DA00F1   [8]  30 08 00 00 00 00 00 00
 (1511853402.554347)  can1  18DA00F1   [8]  30 08 00 00 00 00 00 00
 (1511853402.724099)  can1  18DA00F1   [8]  30 08 00 00 00 00 00 00
 (1511853402.731817)  can1  18DA00F1   [8]  30 08 00 00 00 00 00 00
 (1511853402.739523)  can1  18DA00F1   [8]  30 08 00 00 00 00 00 00
 (1511853402.746674)  can1  18DA00F1   [8]  30 08 00 00 00 00 00 00
 (1511853402.794162)  can1  18DA00F1   [8]  30 08 00 00 00 00 00 00
 (1511853402.954341)  can1  18DA00F1   [8]  30 08 00 00 00 00 00 00
 (1511853402.961432)  can1  18DA00F1   [8]  30 08 00 00 00 00 00 00
 (1511853402.969764)  can1  18DA00F1   [8]  30 08 00 00 00 00 00 00
 (1511853402.978559)  can1  18DA00F1   [8]  30 08 00 00 00 00 00 00
 (1511853403.034103)  can1  18DA00F1   [8]  30 08 00 00 00 00 00 00
 (1511853403.204157)  can1  18DA00F1   [8]  30 08 00 00 00 00 00 00
 (1511853403.211264)  can1  18DA00F1   [8]  30 08 00 00 00 00 00 00
 (1511853403.219057)  can1  18DA00F1   [8]  30 08 00 00 00 00 00 00
 (1511853403.228544)  can1  18DA00F1   [8]  30 08 00 00 00 00 00 00
 (1511853403.274229)  can1  18DA00F1   [8]  30 08 00 00 00 00 00 00
 (1511853403.444237)  can1  18DA00F1   [8]  30 08 00 00 00 00 00 00
 (1511853403.450126)  can1  18DA00F1   [8]  30 08 00 00 00 00 00 00
 (1511853403.457867)  can1  18DA00F1   [8]  30 08 00 00 00 00 00 00
 (1511853403.464352)  can1  18DA00F1   [8]  30 08 00 00 00 00 00 00
 (1511853403.514160)  can1  18DA00F1   [8]  30 08 00 00 00 00 00 00
 (1511853403.564260)  can1  18DA00F1   [8]  30 08 00 00 00 00 00 00
 (1511853403.614168)  can1  18DA00F1   [8]  30 08 00 00 00 00 00 00
 (1511853403.620765)  can1  18DA00F1   [8]  30 08 00 00 00 00 00 00
 (1511853403.630308)  can1  18DA00F1   [8]  30 08 00 00 00 00 00 00
 (1511853403.637987)  can1  18DA00F1   [8]  30 08 00 00 00 00 00 00
 (1511853403.684200)  can1  18DA00F1   [8]  30 08 00 00 00 00 00 00
 (1511853403.844256)  can1  18DA00F1   [8]  30 08 00 00 00 00 00 00
 (1511853403.850791)  can1  18DA00F1   [8]  30 08 00 00 00 00 00 00
 (1511853403.859666)  can1  18DA00F1   [8]  30 08 00 00 00 00 00 00
 (1511853403.867905)  can1  18DA00F1   [8]  30 08 00 00 00 00 00 00
 (1511853403.914177)  can1  18DA00F1   [8]  30 08 00 00 00 00 00 00
 (1511853404.104230)  can1  18DA00F1   [8]  30 08 00 00 00 00 00 00
 (1511853404.110702)  can1  18DA00F1   [8]  30 08 00 00 00 00 00 00
 (1511853404.118495)  can1  18DA00F1   [8]  30 08 00 00 00 00 00 00
 (1511853404.127349)  can1  18DA00F1   [8]  30 08 00 00 00 00 00 00
 (1511853404.174234)  can1  18DA00F1   [8]  30 08 00 00 00 00 00 00
 (1511853404.344268)  can1  18DA00F1   [8]  30 08 00 00 00 00 00 00
 (1511853404.350139)  can1  18DA00F1   [8]  30 08 00 00 00 00 00 00
 (1511853404.357939)  can1  18DA00F1   [8]  30 08 00 00 00 00 00 00
 (1511853404.364401)  can1  18DA00F1   [8]  30 08 00 00 00 00 00 00
 (1511853404.414209)  can1  18DA00F1   [8]  30 08 00 00 00 00 00 00
 (1511853404.584232)  can1  18DA00F1   [8]  30 08 00 00 00 00 00 00
 (1511853404.591886)  can1  