1505506338.834458,can0 08FF0001 [8] 00 00 00 00 00 00 00 00
1505506338.864325,can0 0CF00203 [8] 00 00 00 00 00 00 00 00
1505506338.872869,can0 08FF0303 [8] 00 00 00 00 00 00 00 00
1505506338.885381,can0 08FF0001 [8] 00 00 00 00 00 00 00 00
1505506338.899244,can0 0CF00203 [8] 00 00 00 00 00 00 00 00
1505506338.915125,can0 08FF0303 [8] 00 00 00 00 00 00 00 00
1505506338.925227,can0 08FF0001 [8] 00 00 00 00 00 00 00 00
1505506338.946403,can0 0CF00203 [8] 00 00 00 00 00 00 00 00
1505506338.954964,can0 08FF0303 [8] 00 00 00 00 00 00 00 00
1505506338.970002,can0 08FF0001 [8] 00 00 00 00 00 00 00 00
1505506338.986893,can0 0CF00203 [8] 00 00 00 00 00 00 00 00
1505506338.989029,can0 08FF0303 [8] 00 00 00 00 00 00 00 00
1505506338.989849,can0 18F00503 [8] 00 00 00 00 00 00 00 00
1505506338.99045,can0 08FF0001 [8] 00 00 00 00 00 00 00 00
1505506338.999739,can0 0CF00203 [8] 00 00 00 00 00 00 00 00
1505506339.003071,can0 08FF0303 [8] 00 00 00 00 00 00 00 00
1505506339.009395,can0 08FF0001 [8] 00 00 00 00 00 00 00 00
1505506339.012327,can0 0CF00203 [8] 00 00 00 00 00 00 00 00
1505506339.019274,can0 08FF0303 [8] 00 00 00 00 00 00 00 00
1505506339.022283,can0 08FF0001 [8] 00 00 00 00 00 00 00 00
1505506339.028152,can0 0CF00203 [8] 00 00 00 00 00 00 00 00
1505506339.038859,can0 08FF0303 [8] 00 00 00 00 00 00 00 00
1505506339.042103,can0 08FF0001 [8] 00 00 00 00 00 00 00 00
1505506339.045677,can0 0CF00203 [8] 00 00 00 00 00 00 00 00
1505506339.053053,can0 08FF0303 [8] 00 00 00 00 00 00 00 00
1505506339.055885,can0 08FF0001 [8] 00 00 00 00 00 00 00 00
1505506339.059062,can0 0CF00203 [8] 00 00 00 00 00 00 00 00
1505506339.06459,can0 08FF0303 [8] 00 00 00 00 00 00 00 00
1505506339.072037,can0 08FF0001 [8] 00 00 00 00 00 00 00 00
1505506339.075761,can0 0CF00203 [8] 00 00 00 00 00 00 00 00
1505506339.078959,can0 08FF0303 [8] 00 00 00 00 00 00 00 00
1505506339.08305,can0 08FF0001 [8] 00 00 00 00 00 00 00 00
1505506339.089215,can0 0CF00203 [8] 00 00 00 00 00 00 00 00
1505506339.094091,can0 08FF0303 [8] 00 00 00 00 00 00 00 00
1505506339.09739,can0 08FF0001 [8] 00 00 00 00 00 00 00 00
1505506339.102555,can0 0CF00203 [8] 00 00 00 00 00 00 00 00
1505506339.105882,can0 08FF0303 [8] 00 00 00 00 00 00 00 00
1505506339.112925,can0 08FF0001 [8] 00 00 00 00 00 00 00 00
1505506339.117954,can0 0CF00203 [8] 00 00 00 00 00 00 00 00
1505506339.124254,can0 08FF0303 [8] 00 00 00 00 00 00 00 00
1505506339.129295,can0 08FF0001 [8] 00 00 00 00 00 00 00 00
1505506339.140114,can0 0CF00203 [8] 00 00 00 00 00 00 00 00
1505506339.142662,can0 08FF0303 [8] 00 00 00 00 00 00 00 00
1505506339.145662,can0 18F00503 [8] 00 00 00 00 00 00 00 00
1505506339.148881,can0 08FF0001 [8] 00 00 00 00 00 00 00 00
1505506339.152739,can0 0CF00203 [8] 00 00 00 00 00 00 00 00
1505506339.157974,can0 08FF0303 [8] 00 00 00 00 00 00 00 00
1505506339.159695,can0 08FF0001 [8] 00 00 00 00 00 00 00 00
1505506339.163086,can0 0CF00203 [8] 00 00 00 00 00 00 00 00
1505506339.166557,can0 08FF0303 [8] 00 00 00 00 00 00 00 00
1505506339.169768,can0 08FF0001 [8] 00 00 00 00 00 00 00 00
1505506339.172623,can0 0CF00203 [8] 00 00 00 00 00 00 00 00
1505506339.176514,can0 08FF0303 [8] 00 00 00 00 00 00 00 00
1505506339.179628,can0 08FF0001 [8] 00 00 00 00 00 00 00 00
1505506339.182252,can0 0CF00203 [8] 00 00 00 00 00 00 00 00
1505506339.186902,can0 08FF0303 [8] 00 00 00 00 00 00 00 00
1505506339.189455,can0 08FF0001 [8] 00 00 00 00 00 00 00 00
1505506339.194121,can0 0CF00203 [8] 00 00 00 00 00 00 00 00
1505506339.19711,can0 08FF0303 [8] 00 00 00 00 00 00 00 00
1505506339.200814,can0 08FF0001 [8] 00 00 00 00 00 00 00 00
1505506339.20482,can0 0CF00203 [8] 00 00 00 00 00 00 00 00
1505506339.208007,can0 08FF0303 [8] 00 00 00 00 00 00 00 00
1505506339.211121,can0 08FF0001 [8] 00 00 00 00 00 00 00 00
1505506339.214877,can0 0CF00203 [8] 00 00 00 00 00 00 00 00
1505506339.217555,can0 08FF0303 [8] 00 00 00 00 00 00 00 00
1505506339.220679,can0 08FF0001 [8] 00 00 00 00 00 00 00 00
1505506339.226022,can0 0CF00203 [8] 00 00 00 00 00 00 00 00
1505506339.23079,can0 08FF0303 [8] 00 00 00 00 00 00 00 00
1505506339.235241,can0 08FF0001 [8] 00 00 00 00 00 00 00 00
1505506339.237789,can0 0CF00203 [8] 00 00 00 00 00 00 00 00
1505506339.240978,can0 08FF0303 [8] 00 00 00 00 00 00 00 00
1505506339.244922,can0 08FF0001 [8] 00 00 00 00 00 00 00 00
1505506339.248066,can0 0CF00203 [8] 00 00 00 00 00 00 00 00
1505506339.252701,can0 08FF0303 [8] 00 00 00 00 00 00 00 00
1505506339.256605,can0 18F00503 [8] 00 00 00 00 00 00 00 00
1505506339.259733,can0 08FF0001 [8] 00 00 00 00 00 00 00 00
1505506339.262104,can0 0CF00203 [8] 00 00 00 00 00 00 00 00
1505506339.266873,can0 08FF0303 [8] 00 00 00 00 00 00 00 00
1505506339.269421,can0 08FF0001 [8] 00 00 00 00 00 00 00 00
1505506339.272024,can0 0CF00203 [8] 00 00 00 00 00 00 00 00
1505506339.276664,can0 08FF0303 [8] 00 00 00 00 00 00 00 00
1505506339.279212,can0 08FF0001 [8] 00 00 00 00 00 00 00 00
1505506339.282078,can0 0CF00203 [8] 00 00 00 00 00 00 00 00
1505506339.28642,can0 08FF0303 [8] 00 00 00 00 00 00 00 00
1505506339.288106,can0 08FF0001 [8] 00 00 00 00 00 00 00 00
1505506339.290661,can0 0CF00203 [8] 00 00 00 00 00 00 00 00
1505506339.295493,can0 08FF0303 [8] 00 00 00 00 00 00 00 00
1505506339.298187,can0 08FF0001 [8] 00 00 00 00 00 00 00 00
1505506339.302548,can0 0CF00203 [8] 00 00 00 00 00 00 00 00
1505506339.305161,can0 08FF0303 [8] 00 00 00 00 00 00 00 00
1505506339.308386,can0 08FF0001 [8] 00 00 00 00 00 00 00 00
1505506339.312055,can0 0CF00203 [8] 00 00 00 00 00 00 00 00
1505506339.316809,can0 08FF0303 [8] 00 00 00 00 00 00 00 00
1505506339.319427,can0 08FF0001 [8] 00 00 00 00 00 00 00 00
1505506339.326682,can0 0CF00203 [8] 00 00 00 00 00 00 00 00
1505506339.3349,can0 08FF0303 [8] 00 00 00 00 00 00 00 00
1505506339.34272,can0 08FF0001 [8] 00 00 00 00 00 00 00 00
1505506339.345317,can0 0CF00203 [8] 00 00 00 00 00 00 00 00
1505506339.348504,can0 08FF0303 [8] 00 00 00 00 00 00 00 00
1505506339.352148,can0 08FF0001 [8] 00 00 00 00 00 00 00 00
1505506339.355311,can0 0CF00203 [8] 00 00 00 00 00 00 00 00
1505506339.362655,can0 08FF0303 [8] 00 00 00 00 00 00 00 00
1505506339.366436,can0 08FF0001 [8] 00 00 00 00 00 00 00 00
1505506339.368187,can0 0CF00203 [8] 00 00 00 00 00 00 00 00
1505506339.370677,can0 08FF0303 [8] 00 00 00 00 00 00 00 00
1505506339.37837,can0 18F00503 [8] 00 00 00 00 00 00 00 00
1505506339.38099,can0 08FF0001 [8] 00 00 00 00 00 00 00 00
1505506339.393179,can0 0CF00203 [8] 00 00 00 00 00 00 00 00
1505506339.396078,can0 08FF0303 [8] 00 00 00 00 00 00 00 00
1505506339.399277,can0 08FF0001 [8] 00 00 00 00 00 00 00 00
1505506339.402605,can0 0CF00203 [8] 00 00 00 00 00 00 00 00
1505506339.404641,can0 08FF0303 [8] 00 00 00 00 00 00 00 00
1505506339.412619,can0 08FF0001 [8] 00 00 00 00 00 00 00 00
1505506339.415015,can0 0CF00203 [8] 00 00 00 00 00 00 00 00
1505506339.424387,can0 08FF0303 [8] 00 00 00 00 00 00 00 00
1505506339.430175,can0 08FF0001 [8] 00 00 00 00 00 00 00 00
1505506339.434418,can0 0CF00203 [8] 00 00 00 00 00 00 00 00
1505506339.437582,can0 08FF0303 [8] 00 00 00 00 00 00 00 00
1505506339.440176,can0 08FF0001 [8] 00 00 00 00 00 00 00 00
1505506339.444267,can0 0CF00203 [8] 00 00 00 00 00 00 00 00
1505506339.447413,can0 08FF0303 [8] 00 00 00 00 00 00 00 00
1505506339.450029,can0 08FF0001 [8] 00 00 00 00 00 00 00 00
1505506339.454195,can0 0CF00203 [8] 00 00 00 00 00 00 00 00
1505506339.457412,can0 08FF0303 [8] 00 00 00 00 00 00 00 00
1505506339.460027,can0 08FF0001 [8] 00 00 00 00 00 00 00 00
1505506339.464102,can0 0CF00203 [8] 00 00 00 00 00 00 00 00
1505506339.467273,can0 08FF0303 [8] 00 00 00 00 00 00 00 00
1505506339.469896,can0 08FF0001 [8] 00 00 00 00 00 00 00 00
1505506339.473904,can0 0CF00203 [8] 00 00 00 00 00 00 00 00
1505506339.47705,can0 08FF0303 [8] 00 00 00 00 00 00 00 00
1505506339.479625,can0 08FF0001 [8] 00 00 00 00 00 00 00 00
1505506339.483857,can0 0CF00203 [8] 00 00 00 00 00 00 00 00
1505506339.487068,can0 08FF0303 [8] 00 00 00 00 00 00 00 00
1505506339.489599,can0 08FF0001 [8] 00 00 00 00 00 00 00 00
1505506339.493219,can0 0CF00203 [8] 00 00 00 00 00 00 00 00
1505506338.888353,can1 0CFE6E0B [8] 00 00 00 00 00 00 00 00
1505506338.918487,can1 0CFE6E0B [8] 00 00 00 00 00 00 00 00
1505506338.930887,can1 18F0010B [8] CF FF F0 FF FF DC FF FF
1505506338.943052,can1 18FEBF0B [8] 00 00 7D 7D FE FE FF FF
1505506338.958181,can1 0CFE6E0B [8] 00 00 00 00 00 00 00 00
1505506338.972772,can1 0CFE6E0B [8] 00 00 00 00 00 00 00 00
1505506338.977836,can1 18F00131 [8] 00 00 00 00 00 00 00 00
1505506338.992594,can1 18F0010B [8] 00 00 00 00 00 00 00 00
1505506338.9974,can1 18FEF117 [8] 00 00 00 00 00 00 00 00
1505506339.001561,can1 18FEF128 [8] 00 00 00 00 00 00 00 00
1505506339.007954,can1 18FEF121 [8] 00 00 00 00 00 00 00 00
1505506339.010779,can1 18FEF131 [8] 00 00 00 00 00 00 00 00
1505506339.017864,can1 18E00017 [8] 00 00 00 00 00 00 00 00
1505506339.020876,can1 18E00019 [8] 00 00 00 00 00 00 00 00
1505506339.028383,can1 18E00021 [8] 00 00 00 00 00 00 00 00
1505506339.03648,can1 18E00028 [8] 00 00 00 00 00 00 00 00
1505506339.04023,can1 18E00031 [8] 00 00 00 00 00 00 00 00
1505506339.044349,can1 18FEF017 [8] 00 00 00 00 00 00 00 00
1505506339.050146,can1 18FEF021 [8] 00 00 00 00 00 00 00 00
1505506339.054538,can1 18FEF028 [8] 00 00 00 00 00 00 00 00
1505506339.057818,can1 18FEF031 [8] 00 00 00 00 00 00 00 00
1505506339.062332,can1 0CFE6E0B [8] 00 00 00 00 00 00 00 00
1505506339.065993,can1 0CFE6E0B [8] 00 00 00 00 00 00 00 00
1505506339.074374,can1 0CFE6E0B [8] 00 00 00 00 00 00 00 00
1505506339.077672,can1 18F0010B [8] CF FF F0 FF FF DC FF FF
1505506339.080204,can1 18FEBF0B [8] 00 00 7D 7D FE FE FF FF
1505506339.08437,can1 0CFE6E0B [8] 00 00 00 00 00 00 00 00
1505506339.091584,can1 0CFE6E0B [8] 00 00 00 00 00 00 00 00
1505506339.09549,can1 18F00131 [8] 00 00 00 00 00 00 00 00
1505506339.098702,can1 18F0010B [8] 00 00 00 00 00 00 00 00
1505506339.104664,can1 18FEF117 [8] 00 00 00 00 00 00 00 00
1505506339.107288,can1 18FEF128 [8] 00 00 00 00 00 00 00 00
1505506339.114462,can1 18FEF121 [8] 00 00 00 00 00 00 00 00
1505506339.116585,can1 18FEF131 [8] 00 00 00 00 00 00 00 00
1505506339.12269,can1 18E00017 [8] 00 00 00 00 00 00 00 00
1505506339.127912,can1 18E00019 [8] 00 00 00 00 00 00 00 00
1505506339.13857,can1 18E00021 [8] 00 00 00 00 00 00 00 00
1505506339.144073,can1 18E00028 [8] 00 00 00 00 00 00 00 00
1505506339.146927,can1 18E00031 [8] 00 00 00 00 00 00 00 00
1505506339.150188,can1 18FEF017 [8] 00 00 00 00 00 00 00 00
1505506339.154191,can1 18FEF021 [8] 00 00 00 00 00 00 00 00
1505506339.156573,can1 18FEF028 [8] 00 00 00 00 00 00 00 00
1505506339.160996,can1 18FEF031 [8] 00 00 00 00 00 00 00 00
1505506339.165259,can1 0CFE6E0B [8] 00 00 00 00 00 00 00 00
1505506339.167882,can1 0CFE6E0B [8] 00 00 00 00 00 00 00 00
1505506339.171067,can1 0CFE6E0B [8] 00 00 00 00 00 00 00 00
1505506339.175243,can1 18F0010B [8] CF FF F0 FF FF DC FF FF
1505506339.177763,can1 18FEBF0B [8] 00 00 7D 7D FE FE FF FF
1505506339.180928,can1 0CFE6E0B [8] 00 00 00 00 00 00 00 00
1505506339.184995,can1 0CFE6E0B [8] 00 00 00 00 00 00 00 00
1505506339.18808,can1 18F00131 [8] 00 00 00 00 00 00 00 00
1505506339.191574,can1 18F0010B [8] 00 00 00 00 00 00 00 00
1505506339.195434,can1 18FEF117 [8] 00 00 00 00 00 00 00 00
1505506339.199447,can1 18FEF128 [8] 00 00 00 00 00 00 00 00
1505506339.203322,can1 18FEF121 [8] 00 00 00 00 00 00 00 00
1505506339.206714,can1 18FEF131 [8] 00 00 00 00 00 00 00 00
1505506339.209251,can1 18E00017 [8] 00 00 00 00 00 00 00 00
1505506339.212628,can1 18E00019 [8] 00 00 00 00 00 00 00 00
1505506339.21626,can1 18E00021 [8] 00 00 00 00 00 00 00 00
1505506339.219384,can1 18E00028 [8] 00 00 00 00 00 00 00 00
1505506339.222618,can1 18E00031 [8] 00 00 00 00 00 00 00 00
1505506339.227529,can1 18FEF017 [8] 00 00 00 00 00 00 00 00
1505506339.232291,can1 18FEF021 [8] 00 00 00 00 00 00 00 00
1505506339.236463,can1 18FEF028 [8] 00 00 00 00 00 00 00 00
1505506339.239684,can1 18FEF031 [8] 00 00 00 00 00 00 00 00
1505506339.242157,can1 0CFE6E0B [8] 00 00 00 00 00 00 00 00
1505506339.246811,can1 0CFE6E0B [8] 00 00 00 00 00 00 00 00
1505506339.249378,can1 0CFE6E0B [8] 00 00 00 00 00 00 00 00
1505506339.250841,can1 18F0010B [8] CF FF F0 FF FF DC FF FF
1505506339.255273,can1 18FEBF0B [8] 00 00 7D 7D FE FE FF FF
1505506339.257879,can1 0CFE6E0B [8] 00 00 00 00 00 00 00 00
1505506339.261056,can1 0CFE6E0B [8] 00 00 00 00 00 00 00 00
1505506339.264955,can1 18F00131 [8] 00 00 00 00 00 00 00 00
1505506339.268123,can1 18F0010B [8] 00 00 00 00 00 00 00 00
1505506339.271583,can1 18FEF117 [8] 00 00 00 00 00 00 00 00
1505506339.274761,can1 18FEF128 [8] 00 00 00 00 00 00 00 00
1505506339.277915,can1 18FEF121 [8] 00 00 00 00 00 00 00 00
1505506339.281055,can1 18FEF131 [8] 00 00 00 00 00 00 00 00
1505506339.285091,can1 18E00017 [8] 00 00 00 00 00 00 00 00
1505506339.289351,can1 18E00019 [8] 00 00 00 00 00 00 00 00
1505506339.293034,can1 18E00021 [8] 00 00 00 00 00 00 00 00
1505506339.296872,can1 18E00028 [8] 00 00 00 00 00 00 00 00
1505506339.300054,can1 18E00031 [8] 00 00 00 00 00 00 00 00
1505506339.30229,can1 18FEF017 [8] 00 00 00 00 00 00 00 00
1505506339.307073,can1 18FEF021 [8] 00 00 00 00 00 00 00 00
1505506339.309671,can1 18FEF028 [8] 00 00 00 00 00 00 00 00
1505506339.312642,can1 18FEF031 [8] 00 00 00 00 00 00 00 00
1505506339.314926,can1 18FEF521 [8] 00 00 00 00 00 00 00 00
1505506339.318132,can1 0CFE6E0B [8] 00 00 00 00 00 00 00 00
1505506339.326361,can1 0CFE6E0B [8] 00 00 00 00 00 00 00 00
1505506339.333443,can1 0CFE6E0B [8] 00 00 00 00 00 00 00 00
1505506339.342162,can1 18F0010B [8] CF FF F0 FF FF DC FF FF
1505506339.347228,can1 18FEBF0B [8] 00 00 7D 7D FE FE FF FF
1505506339.349747,can1 0CFE6E0B [8] 00 00 00 00 00 00 00 00
1505506339.353951,can1 0CFE6E0B [8] 00 00 00 00 00 00 00 00
1505506339.360968,can1 18F00131 [8] 00 00 00 00 00 00 00 00
1505506339.365054,can1 18F0010B [8] 00 00 00 00 00 00 00 00
1505506339.36938,can1 18FEF117 [8] 00 00 00 00 00 00 00 00
1505506339.375768,can1 18FEF128 [8] 00 00 00 00 00 00 00 00
1505506339.379715,can1 18FEF121 [8] 00 00 00 00 00 00 00 00
1505506339.38271,can1 18FEF131 [8] 00 00 00 00 00 00 00 00
1505506339.389944,can1 18E00017 [8] 00 00 00 00 00 00 00 00
1505506339.394712,can1 18E00019 [8] 00 00 00 00 00 00 00 00
1505506339.397989,can1 18E00021 [8] 00 00 00 00 00 00 00 00
1505506339.400526,can1 18E00028 [8] 00 00 00 00 00 00 00 00
1505506339.409822,can1 18E00031 [8] 00 00 00 00 00 00 00 00
1505506339.412033,can1 18FEF017 [8] 00 00 00 00 00 00 00 00
1505506339.422735,can1 18FEF021 [8] 00 00 00 00 00 00 00 00
1505506339.426426,can1 18FEF028 [8] 00 00 00 00 00 00 00 00
1505506339.433041,can1 18FEF031 [8] 00 00 00 00 00 00 00 00
1505506339.435688,can1 0CFE6E0B [8] 00 00 00 00 00 00 00 00
1505506339.438895,can1 0CFE6E0B [8] 00 00 00 00 00 00 00 00
1505506339.442889,can1 0CFE6E0B [8] 00 00 00 00 00 00 00 00
1505506339.445544,can1 18F0010B [8] CF FF F0 FF FF DC FF FF
1505506339.448726,can1 18FEBF0B [8] 00 00 7D 7D FE FE FF FF
1505506339.452777,can1 0CFE6E0B [8] 00 00 00 00 00 00 00 00
1505506339.455491,can1 0CFE6E0B [8] 00 00 00 00 00 00 00 00
1505506339.458745,can1 18F00131 [8] 00 00 00 00 00 00 00 00
1505506339.462709,can1 18F0010B [8] 00 00 00 00 00 00 00 00
1505506339.465379,can1 18FEF117 [8] 00 00 00 00 00 00 00 00
1505506339.468604,can1 18FEF128 [8] 00 00 00 00 00 00 00 00
1505506339.472307,can1 18FEF121 [8] 00 00 00 00 00 00 00 00
1505506339.475168,can1 18FEF131 [8] 00 00 00 00 00 00 00 00
1505506339.478355,can1 18E00017 [8] 00 00 00 00 00 00 00 00
1505506339.482093,can1 18E00019 [8] 00 00 00 00 00 00 00 00
1505506339.485197,can1 18E00021 [8] 00 00 00 00 00 00 00 00
1505506339.488296,can1 18E00028 [8] 00 00 00 00 00 00 00 00
1505506339.491999,can1 18E00031 [8] 00 00 00 00 00 00 00 00
1505506339.496564,can1 18FEF017 [8] 00 00 00 00 00 00 00 00
1505506339.499305,can1 18FEF021 [8] 00 00 00 00 00 00 00 00
1505506339.502027,can1 18FEF028 [8] 00 00 00 00 00 00 00 00
1505506339.506614,can1 18FEF031 [8] 00 00 00 00 00 00 00 00
1505506339.509178,can1 0CFE6E0B [8] 00 00 00 00 00 00 00 00
1505506339.511544,can1 0CFE6E0B [8] 00 00 00 00 00 00 00 00
1505506339.514484,can1 0CFE6E0B [8] 00 00 00 00 00 00 00 00
1505506339.497954,can0 08FF0303 [8] 00 00 00 00 00 00 00 00
1505506339.501599,can0 18F00503 [8] 00 00 00 00 00 00 00 00
1505506339.504733,can0 08FF0001 [8] 00 00 00 00 00 00 00 00
1505506339.507868,can0 0CF00203 [8] 00 00 00 00 00 00 00 00
1505506339.511061,can0 08FF0303 [8] 00 00 00 00 00 00 00 00
1505506339.516966,can0 08FF0001 [8] 00 00 00 00 00 00 00 00
1505506339.518553,can0 0CF00203 [8] 00 00 00 00 00 00 00 00
1505506339.521106,can0 08FF0303 [8] 00 00 00 00 00 00 00 00
1505506339.526999,can0 08FF0001 [8] 00 00 00 00 00 00 00 00
1505506339.532806,can0 0CF00203 [8] 00 00 00 00 00 00 00 00
1505506339.535893,can0 08FF0303 [8] 00 00 00 00 00 00 00 00
1505506339.538864,can0 08FF0001 [8] 00 00 00 00 00 00 00 00
1505506339.543174,can0 0CF00203 [8] 00 00 00 00 00 00 00 00
1505506339.547353,can0 08FF0303 [8] 00 00 00 00 00 00 00 00
1505506339.550525,can0 08FF0001 [8] 00 00 00 00 00 00 00 00
1505506339.554243,can0 0CF00203 [8] 00 00 00 00 00 00 00 00
1505506339.557495,can0 08FF0303 [8] 00 00 00 00 00 00 00 00
1505506339.560592,can0 08FF0001 [8] 00 00 00 00 00 00 00 00
1505506339.564185,can0 0CF00203 [8] 00 00 00 00 00 00 00 00
1505506339.567416,can0 08FF0303 [8] 00 00 00 00 00 00 00 00
1505506339.570525,can0 08FF0001 [8] 00 00 00 00 00 00 00 00
1505506339.574048,can0 0CF00203 [8] 00 00 00 00 00 00 00 00
1505506339.577309,can0 08FF0303 [8] 00 00 00 00 00 00 00 00
1505506339.580405,can0 08FF0001 [8] 00 00 00 00 00 00 00 00
1505506339.583581,can0 0CF00203 [8] 00 00 00 00 00 00 00 00
1505506339.587234,can0 08FF0303 [8] 00 00 00 00 00 00 00 00
1505506339.589135,can0 08FF0001 [8] 00 00 00 00 00 00 00 00
1505506339.594731,can0 0CF00203 [8] 00 00 00 00 00 00 00 00
1505506339.59646,can0 08FF0303 [8] 00 00 00 00 00 00 00 00
1505506339.599005,can0 08FF0001 [8] 00 00 00 00 00 00 00 00
1505506339.602645,can0 0CF00203 [8] 00 00 00 00 00 00 00 00
1505506339.605347,can0 08FF0303 [8] 00 00 00 00 00 00 00 00
1505506339.606812,can0 18F00503 [8] 00 00 00 00 00 00 00 00
1505506339.608243,can0 08FF0001 [8] 00 00 00 00 00 00 00 00
1505506339.609543,can0 0CF00203 [8] 00 00 00 00 00 00 00 00
1505506339.610929,can0 08FF0303 [8] 00 00 00 00 00 00 00 00
1505506339.613228,can0 08FF0001 [8] 00 00 00 00 00 00 00 00
1505506339.614655,can0 0CF00203 [8] 00 00 00 00 00 00 00 00
1505506339.616091,can0 08FF0303 [8] 00 00 00 00 00 00 00 00
1505506339.617376,can0 08FF0001 [8] 00 00 00 00 00 00 00 00
1505506339.618746,can0 0CF00203 [8] 00 00 00 00 00 00 00 00
1505506339.620146,can0 08FF0303 [8] 00 00 00 00 00 00 00 00
1505506339.629722,can0 08FF0001 [8] 00 00 00 00 00 00 00 00
1505506339.633103,can0 0CF00203 [8] 00 00 00 00 00 00 00 00
1505506339.636428,can0 08FF0303 [8] 00 00 00 00 00 00 00 00
1505506339.639612,can0 08FF0001 [8] 00 00 00 00 00 00 00 00
1505506339.642995,can0 0CF00203 [8] 00 00 00 00 00 00 00 00
1505506339.646314,can0 08FF0303 [8] 00 00 00 00 00 00 00 00
1505506339.649491,can0 08FF0001 [8] 00 00 00 00 00 00 00 00
1505506339.652607,can0 0CF00203 [8] 00 00 00 00 00 00 00 00
1505506339.656679,can0 08FF0303 [8] 00 00 00 00 00 00 00 00
1505506339.659261,can0 08FF0001 [8] 00 00 00 00 00 00 00 00
1505506339.66265,can0 0CF00203 [8] 00 00 00 00 00 00 00 00
1505506339.66629,can0 08FF0303 [8] 00 00 00 00 00 00 00 00
1505506339.669485,can0 08FF0001 [8] 00 00 00 00 00 00 00 00
1505506339.672121,can0 0CF00203 [8] 00 00 00 00 00 00 00 00
1505506339.676521,can0 08FF0303 [8] 00 00 00 00 00 00 00 00
1505506339.67909,can0 08FF0001 [8] 00 00 00 00 00 00 00 00
1505506339.682037,can0 0CF00203 [8] 00 00 00 00 00 00 00 00
1505506339.686647,can0 08FF0303 [8] 00 00 00 00 00 00 00 00
1505506339.688945,can0 08FF0001 [8] 00 00 00 00 00 00 00 00
1505506339.690425,can0 0CF00203 [8] 00 00 00 00 00 00 00 00
1505506339.692552,can0 08FF0303 [8] 00 00 00 00 00 00 00 00
1505506339.696413,can0 18F00503 [8] 00 00 00 00 00 00 00 00
1505506339.698467,can0 08FF0001 [8] 00 00 00 00 00 00 00 00
1505506339.699963,can0 0CF00203 [8] 00 00 00 00 00 00 00 00
1505506339.703777,can0 08FF0303 [8] 00 00 00 00 00 00 00 00
1505506339.705325,can0 08FF0001 [8] 00 00 00 00 00 00 00 00
1505506339.706791,can0 0CF00203 [8] 00 00 00 00 00 00 00 00
1505506339.708141,can0 08FF0303 [8] 00 00 00 00 00 00 00 00
1505506339.709451,can0 08FF0001 [8] 00 00 00 00 00 00 00 00
1505506339.71084,can0 0CF00203 [8] 00 00 00 00 00 00 00 00
1505506339.713136,can0 08FF0303 [8] 00 00 00 00 00 00 00 00
1505506339.714608,can0 08FF0001 [8] 00 00 00 00 00 00 00 00
1505506339.715992,can0 0CF00203 [8] 00 00 00 00 00 00 00 00
1505506339.717325,can0 08FF0303 [8] 00 00 00 00 00 00 00 00
1505506339.718708,can0 08FF0001 [8] 00 00 00 00 00 00 00 00
1505506339.720066,can0 0CF00203 [8] 00 00 00 00 00 00 00 00
1505506339.729056,can0 08FF0303 [8] 00 00 00 00 00 00 00 00
1505506339.732809,can0 08FF0001 [8] 00 00 00 00 00 00 00 00
1505506339.736131,can0 0CF00203 [8] 00 00 00 00 00 00 00 00
1505506339.738909,can0 08FF0303 [8] 00 00 00 00 00 00 00 00
1505506339.742897,can0 08FF0001 [8] 00 00 00 00 00 00 00 00
1505506339.74719,can0 0CF00203 [8] 00 00 00 00 00 00 00 00
1505506339.750336,can0 08FF0303 [8] 00 00 00 00 00 00 00 00
1505506339.753042,can0 08FF0001 [8] 00 00 00 00 00 00 00 00
1505506339.757528,can0 0CF00203 [8] 00 00 00 00 00 00 00 00
1505506339.760088,can0 08FF0303 [8] 00 00 00 00 00 00 00 00
1505506339.764179,can0 08FF0001 [8] 00 00 00 00 00 00 00 00
1505506339.767419,can0 0CF00203 [8] 00 00 00 00 00 00 00 00
1505506339.769946,can0 08FF0303 [8] 00 00 00 00 00 00 00 00
1505506339.773961,can0 08FF0001 [8] 00 00 00 00 00 00 00 00
1505506339.7772,can0 0CF00203 [8] 00 00 00 00 00 00 00 00
1505506339.779497,can0 08FF0303 [8] 00 00 00 00 00 00 00 00
1505506339.784455,can0 18F00503 [8] 00 00 00 00 00 00 00 00
1505506339.787101,can0 08FF0001 [8] 00 00 00 00 00 00 00 00
1505506339.788544,can0 0CF00203 [8] 00 00 00 00 00 00 00 00
1505506339.790005,can0 08FF0303 [8] 00 00 00 00 00 00 00 00
1505506339.791604,can0 08FF0001 [8] 00 00 00 00 00 00 00 00
1505506339.796021,can0 0CF00203 [8] 00 00 00 00 00 00 00 00
1505506339.797415,can0 08FF0303 [8] 00 00 00 00 00 00 00 00
1505506339.798827,can0 08FF0001 [8] 00 00 00 00 00 00 00 00
1505506339.800207,can0 0CF00203 [8] 00 00 00 00 00 00 00 00
1505506339.804029,can0 08FF0303 [8] 00 00 00 00 00 00 00 00
1505506339.80553,can0 08FF0001 [8] 00 00 00 00 00 00 00 00
1505506339.806867,can0 0CF00203 [8] 00 00 00 00 00 00 00 00
1505506339.808298,can0 08FF0303 [8] 00 00 00 00 00 00 00 00
1505506339.809685,can0 08FF0001 [8] 00 00 00 00 00 00 00 00
1505506339.810995,can0 0CF00203 [8] 00 00 00 00 00 00 00 00
1505506339.813286,can0 08FF0303 [8] 00 00 00 00 00 00 00 00
1505506339.814646,can0 08FF0001 [8] 00 00 00 00 00 00 00 00
1505506339.81604,can0 0CF00203 [8] 00 00 00 00 00 00 00 00
1505506339.817461,can0 08FF0303 [8] 00 00 00 00 00 00 00 00
1505506339.818744,can0 08FF0001 [8] 00 00 00 00 00 00 00 00
1505506339.820128,can0 0CF00203 [8] 00 00 00 00 00 00 00 00
1505506339.836739,can0 08FF0303 [8] 00 00 00 00 00 00 00 00
1505506339.840162,can0 08FF0001 [8] 00 00 00 00 00 00 00 00
1505506339.8431,can0 0CF00203 [8] 00 00 00 00 00 00 00 00
1505506339.848899,can0 08FF0303 [8] 00 00 00 00 00 00 00 00
1505506339.852661,can0 08FF0001 [8] 00 00 00 00 00 00 00 00
1505506339.856392,can0 0CF00203 [8] 00 00 00 00 00 00 00 00
1505506339.858984,can0 08FF0303 [8] 00 00 00 00 00 00 00 00
1505506339.864363,can0 08FF0001 [8] 00 00 00 00 00 00 00 00
1505506339.8727,can0 0CF00203 [8] 00 00 00 00 00 00 00 00
1505506339.876222,can0 08FF0303 [8] 00 00 00 00 00 00 00 00
1505506339.879456,can0 18F00503 [8] 00 00 00 00 00 00 00 00
1505506339.882294,can0 08FF0001 [8] 00 00 00 00 00 00 00 00
1505506339.892687,can0 0CF00203 [8] 00 00 00 00 00 00 00 00
1505506339.896293,can0 08FF0303 [8] 00 00 00 00 00 00 00 00
1505506339.899525,can0 08FF0001 [8] 00 00 00 00 00 00 00 00
1505506339.902614,can0 0CF00203 [8] 00 00 00 00 00 00 00 00
1505506339.911601,can0 08FF0303 [8] 00 00 00 00 00 00 00 00
1505506339.91516,can0 08FF0001 [8] 00 00 00 00 00 00 00 00
1505506339.918335,can0 0CF00203 [8] 00 00 00 00 00 00 00 00
1505506339.922261,can0 08FF0303 [8] 00 00 00 00 00 00 00 00
1505506339.519748,can1 18F0010B [8] CF FF F0 FF FF DC FF FF
1505506339.523288,can1 18FEBF0B [8] 00 00 7D 7D FE FE FF FF
1505506339.528747,can1 0CFE6E0B [8] 00 00 00 00 00 00 00 00
1505506339.534093,can1 0CFE6E0B [8] 00 00 00 00 00 00 00 00
1505506339.537164,can1 18F00131 [8] 00 00 00 00 00 00 00 00
1505506339.539059,can1 18F0010B [8] 00 00 00 00 00 00 00 00
1505506339.542222,can1 18FEF117 [8] 00 00 00 00 00 00 00 00
1505506339.546163,can1 18FEF128 [8] 00 00 00 00 00 00 00 00
1505506339.548677,can1 18FEF121 [8] 00 00 00 00 00 00 00 00
1505506339.551641,can1 18FEF131 [8] 00 00 00 00 00 00 00 00
1505506339.556183,can1 18E00017 [8] 00 00 00 00 00 00 00 00
1505506339.558758,can1 18E00019 [8] 00 00 00 00 00 00 00 00
1505506339.56172,can1 18E00021 [8] 00 00 00 00 00 00 00 00
1505506339.566126,can1 18E00028 [8] 00 00 00 00 00 00 00 00
1505506339.568658,can1 18E00031 [8] 00 00 00 00 00 00 00 00
1505506339.571565,can1 18FEF017 [8] 00 00 00 00 00 00 00 00
1505506339.575988,can1 18FEF021 [8] 00 00 00 00 00 00 00 00
1505506339.57855,can1 18FEF028 [8] 00 00 00 00 00 00 00 00
1505506339.581667,can1 18FEF031 [8] 00 00 00 00 00 00 00 00
1505506339.585891,can1 0CFE6E0B [8] 00 00 00 00 00 00 00 00
1505506339.58849,can1 0CFE6E0B [8] 00 00 00 00 00 00 00 00
1505506339.593256,can1 0CFE6E0B [8] 00 00 00 00 00 00 00 00
1505506339.597686,can1 18F0010B [8] CF FF F0 FF FF DC FF FF
1505506339.600893,can1 18FEBF0B [8] 00 00 7D 7D FE FE FF FF
1505506339.604654,can1 0CFE6E0B [8] 00 00 00 00 00 00 00 00
1505506339.623829,can1 0CFE6E0B [8] 00 00 00 00 00 00 00 00
1505506339.626306,can1 18F00131 [8] 00 00 00 00 00 00 00 00
1505506339.62867,can1 18F0010B [8] 00 00 00 00 00 00 00 00
1505506339.635084,can1 18FEF117 [8] 00 00 00 00 00 00 00 00
1505506339.637741,can1 18FEF128 [8] 00 00 00 00 00 00 00 00
1505506339.640848,can1 18FEF121 [8] 00 00 00 00 00 00 00 00
1505506339.644992,can1 18FEF131 [8] 00 00 00 00 00 00 00 00
1505506339.647619,can1 18E00017 [8] 00 00 00 00 00 00 00 00
1505506339.650755,can1 18E00019 [8] 00 00 00 00 00 00 00 00
1505506339.654077,can1 18E00021 [8] 00 00 00 00 00 00 00 00
1505506339.657975,can1 18E00028 [8] 00 00 00 00 00 00 00 00
1505506339.661137,can1 18E00031 [8] 00 00 00 00 00 00 00 00
1505506339.665054,can1 18FEF017 [8] 00 00 00 00 00 00 00 00
1505506339.667613,can1 18FEF021 [8] 00 00 00 00 00 00 00 00
1505506339.670776,can1 18FEF028 [8] 00 00 00 00 00 00 00 00
1505506339.674638,can1 18FEF031 [8] 00 00 00 00 00 00 00 00
1505506339.677795,can1 0CFE6E0B [8] 00 00 00 00 00 00 00 00
1505506339.680995,can1 0CFE6E0B [8] 00 00 00 00 00 00 00 00
1505506339.684748,can1 0CFE6E0B [8] 00 00 00 00 00 00 00 00
1505506339.687898,can1 18F0010B [8] CF FF F0 FF FF DC FF FF
1505506339.694266,can1 18FEBF0B [8] 00 00 7D 7D FE FE FF FF
1505506339.703077,can1 0CFE6E0B [8] 00 00 00 00 00 00 00 00
1505506339.723783,can1 0CFE6E0B [8] 00 00 00 00 00 00 00 00
1505506339.726214,can1 18F00131 [8] 00 00 00 00 00 00 00 00
1505506339.7286,can1 18F0010B [8] 00 00 00 00 00 00 00 00
1505506339.734246,can1 18FEF117 [8] 00 00 00 00 00 00 00 00
1505506339.737455,can1 18FEF128 [8] 00 00 00 00 00 00 00 00
1505506339.740229,can1 18FEF121 [8] 00 00 00 00 00 00 00 00
1505506339.744239,can1 18FEF131 [8] 00 00 00 00 00 00 00 00
1505506339.745925,can1 18E00017 [8] 00 00 00 00 00 00 00 00
1505506339.748445,can1 18E00019 [8] 00 00 00 00 00 00 00 00
1505506339.752131,can1 18E00021 [8] 00 00 00 00 00 00 00 00
1505506339.755669,can1 18E00028 [8] 00 00 00 00 00 00 00 00
1505506339.758833,can1 18E00031 [8] 00 00 00 00 00 00 00 00
1505506339.76286,can1 18FEF017 [8] 00 00 00 00 00 00 00 00
1505506339.765535,can1 18FEF021 [8] 00 00 00 00 00 00 00 00
1505506339.768721,can1 18FEF028 [8] 00 00 00 00 00 00 00 00
1505506339.772633,can1 18FEF031 [8] 00 00 00 00 00 00 00 00
1505506339.775314,can1 0CFE6E0B [8] 00 00 00 00 00 00 00 00
1505506339.778506,can1 0CFE6E0B [8] 00 00 00 00 00 00 00 00
1505506339.783201,can1 0CFE6E0B [8] 00 00 00 00 00 00 00 00
1505506339.7859,can1 18F0010B [8] CF FF F0 FF FF DC FF FF
1505506339.794525,can1 18FEBF0B [8] 00 00 7D 7D FE FE FF FF
1505506339.803276,can1 0CFE6E0B [8] 00 00 00 00 00 00 00 00
1505506339.827995,can1 0CFE6E0B [8] 00 00 00 00 00 00 00 00
1505506339.83056,can1 18F00131 [8] 00 00 00 00 00 00 00 00
1505506339.832818,can1 18F0010B [8] 00 00 00 00 00 00 00 00
1505506339.838167,can1 18FEF117 [8] 00 00 00 00 00 00 00 00
1505506339.842053,can1 18FEF128 [8] 00 00 00 00 00 00 00 00
1505506339.850951,can1 18FEF121 [8] 00 00 00 00 00 00 00 00
1505506339.854443,can1 18FEF131 [8] 00 00 00 00 00 00 00 00
1505506339.857658,can1 18E00017 [8] 00 00 00 00 00 00 00 00
1505506339.862927,can1 18E00019 [8] 00 00 00 00 00 00 00 00
1505506339.87042,can1 18E00021 [8] 00 00 00 00 00 00 00 00
1505506339.874845,can1 18E00028 [8] 00 00 00 00 00 00 00 00
1505506339.877529,can1 18E00031 [8] 00 00 00 00 00 00 00 00
1505506339.880768,can1 18FEF017 [8] 00 00 00 00 00 00 00 00
1505506339.889945,can1 18FEF021 [8] 00 00 00 00 00 00 00 00
1505506339.894872,can1 18FEF028 [8] 00 00 00 00 00 00 00 00
1505506339.898207,can1 18FEF031 [8] 00 00 00 00 00 00 00 00
1505506339.900765,can1 0CFE6E0B [8] 00 00 00 00 00 00 00 00
1505506339.909875,can1 0CFE6E0B [8] 00 00 00 00 00 00 00 00
1505506339.913812,can1 0CFE6E0B [8] 00 00 00 00 00 00 00 00
1505506339.91708,can1 18F0010B [8] CF FF F0 FF FF DC FF FF
1505506339.919683,can1 18FEBF0B [8] 00 00 7D 7D FE FE FF FF
1505506339.923319,can1 0CFE6E0B [8] 00 00 00 00 00 00 00 00
1505506339.92936,can1 0CFE6E0B [8] 00 00 00 00 00 00 00 00
1505506339.934323,can1 18F00131 [8] 00 00 00 00 00 00 00 00
1505506339.940239,can1 18F0010B [8] 00 00 00 00 00 00 00 00
1505506339.944441,can1 18FEF117 [8] 00 00 00 00 00 00 00 00
1505506339.94708,can1 18FEF128 [8] 00 00 00 00 00 00 00 00
1505506339.950274,can1 18FEF121 [8] 00 00 00 00 00 00 00 00
1505506339.953269,can1 18FEF131 [8] 00 00 00 00 00 00 00 00
1505506339.957616,can1 18E00017 [8] 00 00 00 00 00 00 00 00
1505506339.960213,can1 18E00019 [8] 00 00 00 00 00 00 00 00
1505506339.96428,can1 18E00021 [8] 00 00 00 00 00 00 00 00
1505506339.967104,can1 18E00028 [8] 00 00 00 00 00 00 00 00
1505506339.970298,can1 18E00031 [8] 00 00 00 00 00 00 00 00
1505506339.972912,can1 18FEF017 [8] 00 00 00 00 00 00 00 00
1505506339.975503,can1 18FEF021 [8] 00 00 00 00 00 00 00 00
1505506339.978632,can1 18FEF028 [8] 00 00 00 00 00 00 00 00
1505506339.983339,can1 18FEF031 [8] 00 00 00 00 00 00 00 00
1505506339.985573,can1 0CFE6E0B [8] 00 00 00 00 00 00 00 00
1505506339.988716,can1 0CFE6E0B [8] 00 00 00 00 00 00 00 00
1505506339.992614,can1 0CFE6E0B [8] 00 00 00 00 00 00 00 00
1505506339.99648,can1 18F0010B [8] CF FF F0 FF FF DC FF FF
1505506339.999546,can1 18FEBF0B [8] 00 00 7D 7D FE FE FF FF
1505506340.004885,can1 0CFE6E0B [8] 00 00 00 00 00 00 00 00
1505506340.023927,can1 0CFE6E0B [8] 00 00 00 00 00 00 00 00
1505506340.026383,can1 18F00131 [8] 00 00 00 00 00 00 00 00
1505506340.028744,can1 18F0010B [8] 00 00 00 00 00 00 00 00
1505506340.034351,can1 18FEF117 [8] 00 00 00 00 00 00 00 00
1505506340.037542,can1 18FEF128 [8] 00 00 00 00 00 00 00 00
1505506340.040736,can1 18FEF121 [8] 00 00 00 00 00 00 00 00
1505506340.043619,can1 18FEF131 [8] 00 00 00 00 00 00 00 00
1505506340.047418,can1 18E00017 [8] 00 00 00 00 00 00 00 00
1505506340.050624,can1 18E00019 [8] 00 00 00 00 00 00 00 00
1505506340.054294,can1 18E00021 [8] 00 00 00 00 00 00 00 00
1505506340.057581,can1 18E00028 [8] 00 00 00 00 00 00 00 00
1505506340.060716,can1 18E00031 [8] 00 00 00 00 00 00 00 00
1505506340.063661,can1 18FEF017 [8] 00 00 00 00 00 00 00 00
1505506340.067473,can1 18FEF021 [8] 00 00 00 00 00 00 00 00
1505506340.070598,can1 18FEF028 [8] 00 00 00 00 00 00 00 00
1505506340.07415,can1 18FEF031 [8] 00 00 00 00 00 00 00 00
1505506340.077398,can1 0CFE6E0B [8] 00 00 00 00 00 00 00 00
1505506340.080534,can1 0CFE6E0B [8] 00 00 00 00 00 00 00 00
1505506340.083772,can1 0CFE6E0B [8] 00 00 00 00 00 00 00 00
1505506340.087601,can1 18F0010B [8] CF FF F0 FF FF DC FF FF
1505506340.095276,can1 18FEBF0B [8] 40 14 FA FA FE FE FF FF
1505506340.103357,can1 0CFE6E0B [8] 00 00 00 00 00 00 00 00
1505506339.929615,can0 08FF0001 [8] 00 00 00 00 00 00 00 00
1505506339.938776,can0 0CF00203 [8] 00 00 00 00 00 00 00 00
1505506339.942158,can0 08FF0303 [8] 00 00 00 00 00 00 00 00
1505506339.945733,can0 08FF0001 [8] 00 00 00 00 00 00 00 00
1505506339.948952,can0 0CF00203 [8] 00 00 00 00 00 00 00 00
1505506339.952047,can0 08FF0303 [8] 00 00 00 00 00 00 00 00
1505506339.955728,can0 08FF0001 [8] 00 00 00 00 00 00 00 00
1505506339.958916,can0 0CF00203 [8] 00 00 00 00 00 00 00 00
1505506339.962866,can0 08FF0303 [8] 00 00 00 00 00 00 00 00
1505506339.965825,can0 08FF0001 [8] 00 00 00 00 00 00 00 00
1505506339.968969,can0 0CF00203 [8] 00 00 00 00 00 00 00 00
1505506339.972306,can0 08FF0303 [8] 00 00 00 00 00 00 00 00
1505506339.977376,can0 08FF0001 [8] 00 00 00 00 00 00 00 00
1505506339.979913,can0 0CF00203 [8] 00 00 00 00 00 00 00 00
1505506339.982646,can0 08FF0303 [8] 00 00 00 00 00 00 00 00
1505506339.987453,can0 08FF0001 [8] 00 00 00 00 00 00 00 00
1505506339.990011,can0 0CF00203 [8] 00 00 00 00 00 00 00 00
1505506339.993718,can0 08FF0303 [8] 00 00 00 00 00 00 00 00
1505506339.99782,can0 08FF0001 [8] 00 00 00 00 00 00 00 00
1505506340.000169,can0 0CF00203 [8] 00 00 00 00 00 00 00 00
1505506340.002915,can0 08FF0303 [8] 00 00 00 00 00 00 00 00
1505506340.005538,can0 18F00503 [8] 00 00 00 00 00 00 00 00
1505506340.007006,can0 08FF0001 [8] 00 00 00 00 00 00 00 00
1505506340.00834,can0 0CF00203 [8] 00 00 00 00 00 00 00 00
1505506340.009805,can0 08FF0303 [8] 00 00 00 00 00 00 00 00
1505506340.011136,can0 08FF0001 [8] 00 00 00 00 00 00 00 00
1505506340.013442,can0 0CF00203 [8] 00 00 00 00 00 00 00 00
1505506340.014909,can0 08FF0303 [8] 00 00 00 00 00 00 00 00
1505506340.016194,can0 08FF0001 [8] 00 00 00 00 00 00 00 00
1505506340.017581,can0 0CF00203 [8] 00 00 00 00 00 00 00 00
1505506340.018929,can0 08FF0303 [8] 00 00 00 00 00 00 00 00
1505506340.020311,can0 08FF0001 [8] 00 00 00 00 00 00 00 00
1505506340.0297,can0 0CF00203 [8] 00 00 00 00 00 00 00 00
1505506340.032974,can0 08FF0303 [8] 00 00 00 00 00 00 00 00
1505506340.036286,can0 08FF0001 [8] 00 00 00 00 00 00 00 00
1505506340.038862,can0 0CF00203 [8] 00 00 00 00 00 00 00 00
1505506340.042039,can0 08FF0303 [8] 00 00 00 00 00 00 00 00
1505506340.046187,can0 08FF0001 [8] 00 00 00 00 00 00 00 00
1505506340.048742,can0 0CF00203 [8] 00 00 00 00 00 00 00 00
1505506340.051653,can0 08FF0303 [8] 00 00 00 00 00 00 00 00
1505506340.056263,can0 08FF0001 [8] 00 00 00 00 00 00 00 00
1505506340.058823,can0 0CF00203 [8] 00 00 00 00 00 00 00 00
1505506340.062037,can0 08FF0303 [8] 00 00 00 00 00 00 00 00
1505506340.066144,can0 08FF0001 [8] 00 00 00 00 00 00 00 00
1505506340.068718,can0 0CF00203 [8] 00 00 00 00 00 00 00 00
1505506340.071596,can0 08FF0303 [8] 00 00 00 00 00 00 00 00
1505506340.076053,can0 08FF0001 [8] 00 00 00 00 00 00 00 00
1505506340.078626,can0 0CF00203 [8] 00 00 00 00 00 00 00 00
1505506340.08202,can0 08FF0303 [8] 00 00 00 00 00 00 00 00
1505506340.086245,can0 08FF0001 [8] 00 00 00 00 00 00 00 00
1505506340.088614,can0 0CF00203 [8] 00 00 00 00 00 00 00 00
1505506340.089989,can0 08FF0303 [8] 00 00 00 00 00 00 00 00
1505506340.091764,can0 18F00503 [8] 00 00 00 00 00 00 00 00
1505506340.095963,can0 08FF0001 [8] 00 00 00 00 00 00 00 00
1505506340.097427,can0 0CF00203 [8] 00 00 00 00 00 00 00 00
1505506340.098869,can0 08FF0303 [8] 00 00 00 00 00 00 00 00
1505506340.100217,can0 08FF0001 [8] 00 00 00 00 00 00 00 00
1505506340.104533,can0 0CF00203 [8] 00 00 00 00 00 00 00 00
1505506340.106076,can0 08FF0303 [8] 00 00 00 00 00 00 00 00
1505506340.107545,can0 08FF0001 [8] 00 00 00 00 00 00 00 00
1505506340.10898,can0 0CF00203 [8] 00 00 00 00 00 00 00 00
1505506340.110416,can0 08FF0303 [8] 00 00 00 00 00 00 00 00
1505506340.112318,can0 08FF0001 [8] 00 00 00 00 00 00 00 00
1505506340.114135,can0 0CF00203 [8] 00 00 00 00 00 00 00 00
1505506340.115487,can0 08FF0303 [8] 00 00 00 00 00 00 00 00
1505506340.116903,can0 08FF0001 [8] 00 00 00 00 00 00 00 00
1505506340.118271,can0 0CF00203 [8] 00 00 00 00 00 00 00 00
1505506340.119605,can0 08FF0303 [8] 00 00 00 00 00 00 00 00
1505506340.121009,can0 08FF0001 [8] 00 00 00 00 00 00 00 00
1505506340.132827,can0 0CF00203 [8] 00 00 00 00 00 00 00 00
1505506340.13724,can0 08FF0303 [8] 00 00 00 00 00 00 00 00
1505506340.140405,can0 08FF0001 [8] 00 00 00 00 00 00 00 00
1505506340.142949,can0 0CF00203 [8] 00 00 00 00 00 00 00 00
1505506340.147133,can0 08FF0303 [8] 00 00 00 00 00 00 00 00
1505506340.150331,can0 08FF0001 [8] 00 00 00 00 00 00 00 00
1505506340.153071,can0 0CF00203 [8] 00 00 00 00 00 00 00 00
1505506340.157282,can0 08FF0303 [8] 00 00 00 00 00 00 00 00
1505506340.160421,can0 08FF0001 [8] 00 00 00 00 00 00 00 00
1505506340.164056,can0 0CF00203 [8] 00 00 00 00 00 00 00 00
1505506340.167294,can0 08FF0303 [8] 00 00 00 00 00 00 00 00
1505506340.170405,can0 08FF0001 [8] 00 00 00 00 00 00 00 00
1505506340.173069,can0 0CF00203 [8] 00 00 00 00 00 00 00 00
1505506340.177173,can0 08FF0303 [8] 00 00 00 00 00 00 00 00
1505506340.179646,can0 18F00503 [8] 00 00 00 00 00 00 00 00
1505506340.181065,can0 08FF0001 [8] 00 00 00 00 00 00 00 00
1505506340.185889,can0 0CF00203 [8] 00 00 00 00 00 00 00 00
1505506340.188552,can0 08FF0303 [8] 00 00 00 00 00 00 00 00
1505506340.189894,can0 08FF0001 [8] 00 00 00 00 00 00 00 00
1505506340.191761,can0 0CF00203 [8] 00 00 00 00 00 00 00 00
1505506340.19596,can0 08FF0303 [8] 00 00 00 00 00 00 00 00
1505506340.19748,can0 08FF0001 [8] 00 00 00 00 00 00 00 00
1505506340.199481,can0 0CF00203 [8] 00 00 00 00 00 00 00 00
1505506340.200933,can0 08FF0303 [8] 00 00 00 00 00 00 00 00
1505506340.205099,can0 08FF0001 [8] 00 00 00 00 00 00 00 00
1505506340.206535,can0 0CF00203 [8] 00 00 00 00 00 00 00 00
1505506340.207988,can0 08FF0303 [8] 00 00 00 00 00 00 00 00
1505506340.209283,can0 08FF0001 [8] 00 00 00 00 00 00 00 00
1505506340.210648,can0 0CF00203 [8] 00 00 00 00 00 00 00 00
1505506340.212808,can0 08FF0303 [8] 00 00 00 00 00 00 00 00
1505506340.21425,can0 08FF0001 [8] 00 00 00 00 00 00 00 00
1505506340.215657,can0 0CF00203 [8] 00 00 00 00 00 00 00 00
1505506340.216981,can0 08FF0303 [8] 00 00 00 00 00 00 00 00
1505506340.218415,can0 08FF0001 [8] 00 00 00 00 00 00 00 00
1505506340.219738,can0 0CF00203 [8] 00 00 00 00 00 00 00 00
1505506340.221049,can0 08FF0303 [8] 00 00 00 00 00 00 00 00
1505506340.232188,can0 08FF0001 [8] 00 00 00 00 00 00 00 00
1505506340.237588,can0 0CF00203 [8] 00 00 00 00 00 00 00 00
1505506340.240139,can0 08FF0303 [8] 00 00 00 00 00 00 00 00
1505506340.244179,can0 08FF0001 [8] 00 00 00 00 00 00 00 00
1505506340.247412,can0 0CF00203 [8] 00 00 00 00 00 00 00 00
1505506340.249969,can0 08FF0303 [8] 00 00 00 00 00 00 00 00
1505506340.252683,can0 08FF0001 [8] 00 00 00 00 00 00 00 00
1505506340.255888,can0 0CF00203 [8] 00 00 00 00 00 00 00 00
1505506340.260107,can0 08FF0303 [8] 00 00 00 00 00 00 00 00
1505506340.263309,can0 18F00503 [8] 00 00 00 00 00 00 00 00
1505506340.267164,can0 08FF0001 [8] 00 00 00 00 00 00 00 00
1505506340.270326,can0 0CF00203 [8] 00 00 00 00 00 00 00 00
1505506340.273041,can0 08FF0303 [8] 00 00 00 00 00 00 00 00
1505506340.275692,can0 08FF0001 [8] 00 00 00 00 00 00 00 00
1505506340.279886,can0 0CF00203 [8] 00 00 00 00 00 00 00 00
1505506340.282678,can0 08FF0303 [8] 00 00 00 00 00 00 00 00
1505506340.287293,can0 08FF0001 [8] 00 00 00 00 00 00 00 00
1505506340.289615,can0 0CF00203 [8] 00 00 00 00 00 00 00 00
1505506340.291059,can0 08FF0303 [8] 00 00 00 00 00 00 00 00
1505506340.293307,can0 08FF0001 [8] 00 00 00 00 00 00 00 00
1505506340.297223,can0 0CF00203 [8] 00 00 00 00 00 00 00 00
1505506340.298636,can0 08FF0303 [8] 00 00 00 00 00 00 00 00
1505506340.300042,can0 08FF0001 [8] 00 00 00 00 00 00 00 00
1505506340.303895,can0 0CF00203 [8] 00 00 00 00 00 00 00 00
1505506340.3053,can0 08FF0303 [8] 00 00 00 00 00 00 00 00
1505506340.306755,can0 08FF0001 [8] 00 00 00 00 00 00 00 00
1505506340.308153,can0 0CF00203 [8] 00 00 00 00 00 00 00 00
1505506340.309535,can0 08FF0303 [8] 00 00 00 00 00 00 00 00
1505506340.310863,can0 08FF0001 [8] 00 00 00 00 00 00 00 00
1505506340.313108,can0 0CF00203 [8] 00 00 00 00 00 00 00 00
1505506340.123501,can1 0CFE6E0B [8] 00 00 00 00 00 00 00 00
1505506340.126195,can1 18F00131 [8] 00 00 00 00 00 00 00 00
1505506340.128586,can1 18F0010B [8] 00 00 00 00 00 00 00 00
1505506340.134316,can1 18FEF117 [8] 00 00 00 00 00 00 00 00
1505506340.13602,can1 18FEF128 [8] 00 00 00 00 00 00 00 00
1505506340.138555,can1 18FEF121 [8] 00 00 00 00 00 00 00 00
1505506340.142271,can1 18FEF131 [8] 00 00 00 00 00 00 00 00
1505506340.145941,can1 18E00017 [8] 00 00 00 00 00 00 00 00
1505506340.148453,can1 18E00019 [8] 00 00 00 00 00 00 00 00
1505506340.152125,can1 18E00021 [8] 00 00 00 00 00 00 00 00
1505506340.155955,can1 18E00028 [8] 00 00 00 00 00 00 00 00
1505506340.158539,can1 18E00031 [8] 00 00 00 00 00 00 00 00
1505506340.1617,can1 18FEF017 [8] 00 00 00 00 00 00 00 00
1505506340.165984,can1 18FEF021 [8] 00 00 00 00 00 00 00 00
1505506340.168542,can1 18FEF028 [8] 00 00 00 00 00 00 00 00
1505506340.171619,can1 18FEF031 [8] 00 00 00 00 00 00 00 00
1505506340.175821,can1 0CFE6E0B [8] 00 00 00 00 00 00 00 00
1505506340.178464,can1 0CFE6E0B [8] 00 00 00 00 00 00 00 00
1505506340.183076,can1 0CFE6E0B [8] 00 00 00 00 00 00 00 00
1505506340.187843,can1 18F0010B [8] CF FF F0 FF FF DC FF FF
1505506340.195289,can1 18FEBF0B [8] C0 39 FA FA FE FE FF FF
1505506340.203123,can1 0CFE6E0B [8] 00 00 00 00 00 00 00 00
1505506340.223618,can1 0CFE6E0B [8] 00 00 00 00 00 00 00 00
1505506340.226147,can1 18F00131 [8] 00 00 00 00 00 00 00 00
1505506340.228486,can1 18F0010B [8] 00 00 00 00 00 00 00 00
1505506340.233261,can1 18FEF117 [8] 00 00 00 00 00 00 00 00
1505506340.235717,can1 18FEF128 [8] 00 00 00 00 00 00 00 00
1505506340.238839,can1 18FEF121 [8] 00 00 00 00 00 00 00 00
1505506340.242797,can1 18FEF131 [8] 00 00 00 00 00 00 00 00
1505506340.245518,can1 18E00017 [8] 00 00 00 00 00 00 00 00
1505506340.248665,can1 18E00019 [8] 00 00 00 00 00 00 00 00
1505506340.25386,can1 18E00021 [8] 00 00 00 00 00 00 00 00
1505506340.257231,can1 18E00028 [8] 00 00 00 00 00 00 00 00
1505506340.258879,can1 18E00031 [8] 00 00 00 00 00 00 00 00
1505506340.262003,can1 18FEF017 [8] 00 00 00 00 00 00 00 00
1505506340.26582,can1 18FEF021 [8] 00 00 00 00 00 00 00 00
1505506340.268473,can1 18FEF028 [8] 00 00 00 00 00 00 00 00
1505506340.272036,can1 18FEF031 [8] 00 00 00 00 00 00 00 00
1505506340.277041,can1 18FEF521 [8] 00 00 00 00 00 00 00 00
1505506340.278723,can1 0CFE6E0B [8] 00 00 00 00 00 00 00 00
1505506340.281196,can1 0CFE6E0B [8] 00 00 00 00 00 00 00 00
1505506340.285436,can1 0CFE6E0B [8] 00 00 00 00 00 00 00 00
1505506340.288647,can1 18F0010B [8] CF FF F0 FF FF DC FF FF
1505506340.295093,can1 18FEBF0B [8] 40 5F FA FA FE FE FF FF
1505506340.30315,can1 0CFE6E0B [8] 00 00 00 00 00 00 00 00
1505506340.324381,can1 0CFE6E0B [8] 00 00 00 00 00 00 00 00
1505506340.328625,can1 18F00131 [8] 00 00 00 00 00 00 00 00
1505506340.334002,can1 18F0010B [8] 00 00 00 00 00 00 00 00
1505506340.341,can1 18FEF117 [8] 00 00 00 00 00 00 00 00
1505506340.345261,can1 18FEF128 [8] 00 00 00 00 00 00 00 00
1505506340.347863,can1 18FEF121 [8] 00 00 00 00 00 00 00 00
1505506340.354328,can1 18FEF131 [8] 00 00 00 00 00 00 00 00
1505506340.363063,can1 18E00017 [8] 00 00 00 00 00 00 00 00
1505506340.365838,can1 18E00019 [8] 00 00 00 00 00 00 00 00
1505506340.369053,can1 18E00021 [8] 00 00 00 00 00 00 00 00
1505506340.372925,can1 18E00028 [8] 00 00 00 00 00 00 00 00
1505506340.381812,can1 18E00031 [8] 00 00 00 00 00 00 00 00
1505506340.384519,can1 18FEF017 [8] 00 00 00 00 00 00 00 00
1505506340.387795,can1 18FEF021 [8] 00 00 00 00 00 00 00 00
1505506340.390911,can1 18FEF028 [8] 00 00 00 00 00 00 00 00
1505506340.395578,can1 18FEF031 [8] 00 00 00 00 00 00 00 00
1505506340.402163,can1 0CFE6E0B [8] 00 00 00 00 00 00 00 00
1505506340.406172,can1 0CFE6E0B [8] 00 00 00 00 00 00 00 00
1505506340.409015,can1 0CFE6E0B [8] 00 00 00 00 00 00 00 00
1505506340.415694,can1 18F0010B [8] CF FF F0 FF FF DC FF FF
1505506340.418735,can1 18FEBF0B [8] C0 84 FA FA FE FE FF FF
1505506340.423507,can1 0CFE6E0B [8] 00 00 00 00 00 00 00 00
1505506340.429983,can1 0CFE6E0B [8] 00 00 00 00 00 00 00 00
1505506340.439524,can1 18F00131 [8] 00 00 00 00 00 00 00 00
1505506340.442297,can1 18F0010B [8] 00 00 00 00 00 00 00 00
1505506340.444753,can1 18FEF117 [8] 00 00 00 00 00 00 00 00
1505506340.449193,can1 18FEF128 [8] 00 00 00 00 00 00 00 00
1505506340.452683,can1 18FEF121 [8] 00 00 00 00 00 00 00 00
1505506340.456449,can1 18FEF131 [8] 00 00 00 00 00 00 00 00
1505506340.459582,can1 18E00017 [8] 00 00 00 00 00 00 00 00
1505506340.462318,can1 18E00019 [8] 00 00 00 00 00 00 00 00
1505506340.466779,can1 18E00021 [8] 00 00 00 00 00 00 00 00
1505506340.469314,can1 18E00028 [8] 00 00 00 00 00 00 00 00
1505506340.472099,can1 18E00031 [8] 00 00 00 00 00 00 00 00
1505506340.476538,can1 18FEF017 [8] 00 00 00 00 00 00 00 00
1505506340.479091,can1 18FEF021 [8] 00 00 00 00 00 00 00 00
1505506340.481691,can1 18FEF028 [8] 00 00 00 00 00 00 00 00
1505506340.486457,can1 18FEF031 [8] 00 00 00 00 00 00 00 00
1505506340.489675,can1 0CFE6E0B [8] 00 00 00 00 00 00 00 00
1505506340.492037,can1 0CFE6E0B [8] 00 00 00 00 00 00 00 00
1505506340.497442,can1 0CFE6E0B [8] 00 00 00 00 00 00 00 00
1505506340.500012,can1 18F0010B [8] CF FF F0 FF FF DC FF FF
1505506340.504064,can1 18FEBF0B [8] 90 8D 7E 7C FE FE FF FF
1505506340.507353,can1 0CFE6E0B [8] 00 00 00 00 00 00 00 00
1505506340.523821,can1 0CFE6E0B [8] 00 00 00 00 00 00 00 00
1505506340.526296,can1 18F00131 [8] 00 00 00 00 00 00 00 00
1505506340.528655,can1 18F0010B [8] 00 00 00 00 00 00 00 00
1505506340.533137,can1 18FEF117 [8] 00 00 00 00 00 00 00 00
1505506340.537402,can1 18FEF128 [8] 00 00 00 00 00 00 00 00
1505506340.540751,can1 18FEF121 [8] 00 00 00 00 00 00 00 00
1505506340.543695,can1 18FEF131 [8] 00 00 00 00 00 00 00 00
1505506340.547471,can1 18E00017 [8] 00 00 00 00 00 00 00 00
1505506340.550653,can1 18E00019 [8] 00 00 00 00 00 00 00 00
1505506340.554183,can1 18E00021 [8] 00 00 00 00 00 00 00 00
1505506340.557583,can1 18E00028 [8] 00 00 00 00 00 00 00 00
1505506340.560747,can1 18E00031 [8] 00 00 00 00 00 00 00 00
1505506340.563691,can1 18FEF017 [8] 00 00 00 00 00 00 00 00
1505506340.5675,can1 18FEF021 [8] 00 00 00 00 00 00 00 00
1505506340.570622,can1 18FEF028 [8] 00 00 00 00 00 00 00 00
1505506340.57417,can1 18FEF031 [8] 00 00 00 00 00 00 00 00
1505506340.577418,can1 0CFE6E0B [8] 00 00 00 00 00 00 00 00
1505506340.580542,can1 0CFE6E0B [8] 00 00 00 00 00 00 00 00
1505506340.583602,can1 0CFE6E0B [8] 00 00 00 00 00 00 00 00
1505506340.588016,can1 18F0010B [8] CF FF F0 FF FF DC FF FF
1505506340.595509,can1 18FEBF0B [8] 80 8D 7D 7D FE FE FF FF
1505506340.603621,can1 0CFE6E0B [8] 00 00 00 00 00 00 00 00
1505506340.624376,can1 0CFE6E0B [8] 00 00 00 00 00 00 00 00
1505506340.6268,can1 18F00131 [8] 00 00 00 00 00 00 00 00
1505506340.629175,can1 18F0010B [8] 00 00 00 00 00 00 00 00
1505506340.633083,can1 18FEF117 [8] 00 00 00 00 00 00 00 00
1505506340.636453,can1 18FEF128 [8] 00 00 00 00 00 00 00 00
1505506340.639643,can1 18FEF121 [8] 00 00 00 00 00 00 00 00
1505506340.642297,can1 18FEF131 [8] 00 00 00 00 00 00 00 00
1505506340.64669,can1 18E00017 [8] 00 00 00 00 00 00 00 00
1505506340.649331,can1 18E00019 [8] 00 00 00 00 00 00 00 00
1505506340.65211,can1 18E00021 [8] 00 00 00 00 00 00 00 00
1505506340.656684,can1 18E00028 [8] 00 00 00 00 00 00 00 00
1505506340.659344,can1 18E00031 [8] 00 00 00 00 00 00 00 00
1505506340.661681,can1 18FEF017 [8] 00 00 00 00 00 00 00 00
1505506340.664689,can1 18FEF021 [8] 00 00 00 00 00 00 00 00
1505506340.667899,can1 18FEF028 [8] 00 00 00 00 00 00 00 00
1505506340.671075,can1 18FEF031 [8] 00 00 00 00 00 00 00 00
1505506340.676361,can1 0CFE6E0B [8] 00 00 00 00 00 00 00 00
1505506340.678978,can1 0CFE6E0B [8] 00 00 00 00 00 00 00 00
1505506340.683361,can1 0CFE6E0B [8] 00 00 00 00 00 00 00 00
1505506340.686656,can1 18F0010B [8] CF FF F0 FF FF DC FF FF
1505506340.695587,can1 18FEBF0B [8] A0 8D 7D 7D FE FE FF FF
1505506340.703141,can1 0CFE6E0B [8] 00 00 00 00 00 00 00 00
1505506340.723734,can1 0CFE6E0B [8] 00 00 00 00 00 00 00 00
1505506340.726151,can1 18F00131 [8] 00 00 00 00 00 00 00 00
1505506340.315054,can0 08FF0303 [8] 00 00 00 00 00 00 00 00
1505506340.31656,can0 08FF0001 [8] 00 00 00 00 00 00 00 00
1505506340.317995,can0 0CF00203 [8] 00 00 00 00 00 00 00 00
1505506340.319463,can0 08FF0303 [8] 00 00 00 00 00 00 00 00
1505506340.320759,can0 08FF0001 [8] 00 00 00 00 00 00 00 00
1505506340.339551,can0 0CF00203 [8] 00 00 00 00 00 00 00 00
1505506340.343162,can0 08FF0303 [8] 00 00 00 00 00 00 00 00
1505506340.346603,can0 08FF0001 [8] 00 00 00 00 00 00 00 00
1505506340.352841,can0 0CF00203 [8] 00 00 00 00 00 00 00 00
1505506340.355393,can0 08FF0303 [8] 00 00 00 00 00 00 00 00
1505506340.364534,can0 18F00503 [8] 00 00 00 00 00 00 00 00
1505506340.367742,can0 08FF0001 [8] 00 00 00 00 00 00 00 00
1505506340.370339,can0 0CF00203 [8] 00 00 00 00 00 00 00 00
1505506340.374308,can0 08FF0303 [8] 00 00 00 00 00 00 00 00
1505506340.38058,can0 08FF0001 [8] 00 00 00 00 00 00 00 00
1505506340.386436,can0 0CF00203 [8] 00 00 00 00 00 00 00 00
1505506340.389035,can0 08FF0303 [8] 00 00 00 00 00 00 00 00
1505506340.391658,can0 08FF0001 [8] 00 00 00 00 00 00 00 00
1505506340.396897,can0 0CF00203 [8] 00 00 00 00 00 00 00 00
1505506340.403347,can0 08FF0303 [8] 00 00 00 00 00 00 00 00
1505506340.407485,can0 08FF0001 [8] 00 00 00 00 00 00 00 00
1505506340.410239,can0 0CF00203 [8] 00 00 00 00 00 00 00 00
1505506340.417136,can0 08FF0303 [8] 00 00 00 00 00 00 00 00
1505506340.420002,can0 08FF0001 [8] 00 00 00 00 00 00 00 00
1505506340.423798,can0 0CF00203 [8] 00 00 00 00 00 00 00 00
1505506340.430232,can0 08FF0303 [8] 00 00 00 00 00 00 00 00
1505506340.437527,can0 08FF0001 [8] 00 00 00 00 00 00 00 00
1505506340.44087,can0 0CF00203 [8] 00 00 00 00 00 00 00 00
1505506340.447727,can0 08FF0303 [8] 00 00 00 00 00 00 00 00
1505506340.450565,can0 08FF0001 [8] 00 00 00 00 00 00 00 00
1505506340.454865,can0 0CF00203 [8] 00 00 00 00 00 00 00 00
1505506340.457762,can0 08FF0303 [8] 00 00 00 00 00 00 00 00
1505506340.460884,can0 08FF0001 [8] 00 00 00 00 00 00 00 00
1505506340.464865,can0 0CF00203 [8] 00 00 00 00 00 00 00 00
1505506340.468074,can0 08FF0303 [8] 00 00 00 00 00 00 00 00
1505506340.471193,can0 08FF0001 [8] 00 00 00 00 00 00 00 00
1505506340.474638,can0 0CF00203 [8] 00 00 00 00 00 00 00 00
1505506340.477852,can0 08FF0303 [8] 00 00 00 00 00 00 00 00
1505506340.480948,can0 08FF0001 [8] 00 00 00 00 00 00 00 00
1505506340.485179,can0 0CF00203 [8] 00 00 00 00 00 00 00 00
1505506340.487785,can0 08FF0303 [8] 00 00 00 00 00 00 00 00
1505506340.491613,can0 18F00503 [8] 00 00 00 00 00 00 00 00
1505506340.495455,can0 08FF0001 [8] 00 00 00 00 00 00 00 00
1505506340.498755,can0 0CF00203 [8] 00 00 00 00 00 00 00 00
1505506340.502727,can0 08FF0303 [8] 00 00 00 00 00 00 00 00
1505506340.505415,can0 08FF0001 [8] 00 00 00 00 00 00 00 00
1505506340.507999,can0 0CF00203 [8] 00 00 00 00 00 00 00 00
1505506340.509476,can0 08FF0303 [8] 00 00 00 00 00 00 00 00
1505506340.510919,can0 08FF0001 [8] 00 00 00 00 00 00 00 00
1505506340.513176,can0 0CF00203 [8] 00 00 00 00 00 00 00 00
1505506340.514689,can0 08FF0303 [8] 00 00 00 00 00 00 00 00
1505506340.515986,can0 08FF0001 [8] 00 00 00 00 00 00 00 00
1505506340.517381,can0 0CF00203 [8] 00 00 00 00 00 00 00 00
1505506340.518746,can0 08FF0303 [8] 00 00 00 00 00 00 00 00
1505506340.52008,can0 08FF0001 [8] 00 00 00 00 00 00 00 00
1505506340.529105,can0 0CF00203 [8] 00 00 00 00 00 00 00 00
1505506340.534507,can0 08FF0303 [8] 00 00 00 00 00 00 00 00
1505506340.536184,can0 08FF0001 [8] 00 00 00 00 00 00 00 00
1505506340.538707,can0 0CF00203 [8] 00 00 00 00 00 00 00 00
1505506340.542061,can0 08FF0303 [8] 00 00 00 00 00 00 00 00
1505506340.546224,can0 08FF0001 [8] 00 00 00 00 00 00 00 00
1505506340.548782,can0 0CF00203 [8] 00 00 00 00 00 00 00 00
1505506340.551689,can0 08FF0303 [8] 00 00 00 00 00 00 00 00
1505506340.556248,can0 08FF0001 [8] 00 00 00 00 00 00 00 00
1505506340.55883,can0 0CF00203 [8] 00 00 00 00 00 00 00 00
1505506340.562076,can0 08FF0303 [8] 00 00 00 00 00 00 00 00
1505506340.56618,can0 08FF0001 [8] 00 00 00 00 00 00 00 00
1505506340.568721,can0 0CF00203 [8] 00 00 00 00 00 00 00 00
1505506340.571618,can0 08FF0303 [8] 00 00 00 00 00 00 00 00
1505506340.576104,can0 08FF0001 [8] 00 00 00 00 00 00 00 00
1505506340.578648,can0 0CF00203 [8] 00 00 00 00 00 00 00 00
1505506340.582029,can0 08FF0303 [8] 00 00 00 00 00 00 00 00
1505506340.586097,can0 18F00503 [8] 00 00 00 00 00 00 00 00
1505506340.588707,can0 08FF0001 [8] 00 00 00 00 00 00 00 00
1505506340.590047,can0 0CF00203 [8] 00 00 00 00 00 00 00 00
1505506340.592079,can0 08FF0303 [8] 00 00 00 00 00 00 00 00
1505506340.596138,can0 08FF0001 [8] 00 00 00 00 00 00 00 00
1505506340.597679,can0 0CF00203 [8] 00 00 00 00 00 00 00 00
1505506340.599081,can0 08FF0303 [8] 00 00 00 00 00 00 00 00
1505506340.600473,can0 08FF0001 [8] 00 00 00 00 00 00 00 00
1505506340.604357,can0 0CF00203 [8] 00 00 00 00 00 00 00 00
1505506340.605809,can0 08FF0303 [8] 00 00 00 00 00 00 00 00
1505506340.607234,can0 08FF0001 [8] 00 00 00 00 00 00 00 00
1505506340.608624,can0 0CF00203 [8] 00 00 00 00 00 00 00 00
1505506340.609931,can0 08FF0303 [8] 00 00 00 00 00 00 00 00
1505506340.611607,can0 08FF0001 [8] 00 00 00 00 00 00 00 00
1505506340.613515,can0 0CF00203 [8] 00 00 00 00 00 00 00 00
1505506340.614969,can0 08FF0303 [8] 00 00 00 00 00 00 00 00
1505506340.616355,can0 08FF0001 [8] 00 00 00 00 00 00 00 00
1505506340.617694,can0 0CF00203 [8] 00 00 00 00 00 00 00 00
1505506340.619082,can0 08FF0303 [8] 00 00 00 00 00 00 00 00
1505506340.62044,can0 08FF0001 [8] 00 00 00 00 00 00 00 00
1505506340.629784,can0 0CF00203 [8] 00 00 00 00 00 00 00 00
1505506340.635071,can0 08FF0303 [8] 00 00 00 00 00 00 00 00
1505506340.637756,can0 08FF0001 [8] 00 00 00 00 00 00 00 00
1505506340.64087,can0 0CF00203 [8] 00 00 00 00 00 00 00 00
1505506340.64474,can0 08FF0303 [8] 00 00 00 00 00 00 00 00
1505506340.64802,can0 08FF0001 [8] 00 00 00 00 00 00 00 00
1505506340.651168,can0 0CF00203 [8] 00 00 00 00 00 00 00 00
1505506340.654569,can0 08FF0303 [8] 00 00 00 00 00 00 00 00
1505506340.658033,can0 08FF0001 [8] 00 00 00 00 00 00 00 00
1505506340.661226,can0 0CF00203 [8] 00 00 00 00 00 00 00 00
1505506340.666568,can0 08FF0303 [8] 00 00 00 00 00 00 00 00
1505506340.669179,can0 18F00503 [8] 00 00 00 00 00 00 00 00
1505506340.671611,can0 08FF0001 [8] 00 00 00 00 00 00 00 00
1505506340.67446,can0 0CF00203 [8] 00 00 00 00 00 00 00 00
1505506340.677672,can0 08FF0303 [8] 00 00 00 00 00 00 00 00
1505506340.680153,can0 08FF0001 [8] 00 00 00 00 00 00 00 00
1505506340.684332,can0 0CF00203 [8] 00 00 00 00 00 00 00 00
1505506340.68736,can0 08FF0303 [8] 00 00 00 00 00 00 00 00
1505506340.688826,can0 08FF0001 [8] 00 00 00 00 00 00 00 00
1505506340.690244,can0 0CF00203 [8] 00 00 00 00 00 00 00 00
1505506340.69214,can0 08FF0303 [8] 00 00 00 00 00 00 00 00
1505506340.693851,can0 08FF0001 [8] 00 00 00 00 00 00 00 00
1505506340.697752,can0 0CF00203 [8] 00 00 00 00 00 00 00 00
1505506340.699796,can0 08FF0303 [8] 00 00 00 00 00 00 00 00
1505506340.701413,can0 08FF0001 [8] 00 00 00 00 00 00 00 00
1505506340.705308,can0 0CF00203 [8] 00 00 00 00 00 00 00 00
1505506340.706714,can0 08FF0303 [8] 00 00 00 00 00 00 00 00
1505506340.708119,can0 08FF0001 [8] 00 00 00 00 00 00 00 00
1505506340.709444,can0 0CF00203 [8] 00 00 00 00 00 00 00 00
1505506340.710827,can0 08FF0303 [8] 00 00 00 00 00 00 00 00
1505506340.713066,can0 08FF0001 [8] 00 00 00 00 00 00 00 00
1505506340.714523,can0 0CF00203 [8] 00 00 00 00 00 00 00 00
1505506340.715955,can0 08FF0303 [8] 00 00 00 00 00 00 00 00
1505506340.717293,can0 08FF0001 [8] 00 00 00 00 00 00 00 00
1505506340.718685,can0 0CF00203 [8] 00 00 00 00 00 00 00 00
1505506340.720052,can0 08FF0303 [8] 00 00 00 00 00 00 00 00
1505506340.729067,can0 08FF0001 [8] 00 00 00 00 00 00 00 00
1505506340.734999,can0 0CF00203 [8] 00 00 00 00 00 00 00 00
1505506340.738236,can0 08FF0303 [8] 00 00 00 00 00 00 00 00
1505506340.741823,can0 08FF0001 [8] 00 00 00 00 00 00 00 00
1505506340.744963,can0 0CF00203 [8] 00 00 00 00 00 00 00 00
1505506340.748086,can0 08FF0303 [8] 00 00 00 00 00 00 00 00
1505506340.751531,can0 18F00503 [8] 00 00 00 00 00 00 00 00
1505506340.75522,can0 08FF0001 [8] 00 00 00 00 00 00 00 00
1505506340.760016,can0 0CF00203 [8] 00 00 00 00 00 00 00 00
1505506340.762081,can0 08FF0303 [8] 00 00 00 00 00 00 00 00
1505506340.766119,can0 08FF0001 [8] 00 00 00 00 00 00 00 00
1505506340.768299,can0 0CF00203 [8] 00 00 00 00 00 00 00 00
1505506340.771641,can0 08FF0303 [8] 00 00 00 00 00 00 00 00
1505506340.775333,can0 08FF0001 [8] 00 00 00 00 00 00 00 00
1505506340.777524,can0 0CF00203 [8] 00 00 00 00 00 00 00 00
1505506340.778965,can0 08FF0303 [8] 00 00 00 00 00 00 00 00
1505506340.78035,can0 08FF0001 [8] 00 00 00 00 00 00 00 00
1505506340.786295,can0 0CF00203 [8] 00 00 00 00 00 00 00 00
1505506340.78773,can0 08FF0303 [8] 00 00 00 00 00 00 00 00
1505506340.789138,can0 08FF0001 [8] 00 00 00 00 00 00 00 00
1505506340.790475,can0 0CF00203 [8] 00 00 00 00 00 00 00 00
1505506340.792337,can0 08FF0303 [8] 00 00 00 00 00 00 00 00
1505506340.794046,can0 08FF0001 [8] 00 00 00 00 00 00 00 00
1505506340.797814,can0 0CF00203 [8] 00 00 00 00 00 00 00 00
1505506340.799177,can0 08FF0303 [8] 00 00 00 00 00 00 00 00
1505506340.800541,can0 08FF0001 [8] 00 00 00 00 00 00 00 00
1505506340.804187,can0 0CF00203 [8] 00 00 00 00 00 00 00 00
1505506340.80563,can0 08FF0303 [8] 00 00 00 00 00 00 00 00
1505506340.806989,can0 08FF0001 [8] 00 00 00 00 00 00 00 00
1505506340.808365,can0 0CF00203 [8] 00 00 00 00 00 00 00 00
1505506340.809702,can0 08FF0303 [8] 00 00 00 00 00 00 00 00
1505506340.810974,can0 08FF0001 [8] 00 00 00 00 00 00 00 00
1505506340.813137,can0 0CF00203 [8] 00 00 00 00 00 00 00 00
1505506340.814603,can0 08FF0303 [8] 00 00 00 00 00 00 00 00
1505506340.815957,can0 08FF0001 [8] 00 00 00 00 00 00 00 00
1505506340.817291,can0 0CF00203 [8] 00 00 00 00 00 00 00 00
1505506340.818544,can0 08FF0303 [8] 00 00 00 00 00 00 00 00
1505506340.819868,can0 18F00503 [8] 00 00 00 00 00 00 00 00
1505506340.832766,can0 08FF0001 [8] 00 00 00 00 00 00 00 00
1505506340.839662,can0 0CF00203 [8] 00 00 00 00 00 00 00 00
1505506340.842116,can0 08FF0303 [8] 00 00 00 00 00 00 00 00
1505506340.850804,can0 08FF0001 [8] 00 00 00 00 00 00 00 00
1505506340.853545,can0 0CF00203 [8] 00 00 00 00 00 00 00 00
1505506340.857653,can0 08FF0303 [8] 00 00 00 00 00 00 00 00
1505506340.862871,can0 08FF0001 [8] 00 00 00 00 00 00 00 00
1505506340.86571,can0 0CF00203 [8] 00 00 00 00 00 00 00 00
1505506340.87167,can0 08FF0303 [8] 00 00 00 00 00 00 00 00
1505506340.876136,can0 08FF0001 [8] 00 00 00 00 00 00 00 00
1505506340.882338,can0 0CF00203 [8] 00 00 00 00 00 00 00 00
1505506340.88799,can0 08FF0303 [8] 00 00 00 00 00 00 00 00
1505506340.890511,can0 08FF0001 [8] 00 00 00 00 00 00 00 00
1505506340.897029,can0 0CF00203 [8] 00 00 00 00 00 00 00 00
1505506340.902779,can0 08FF0303 [8] 00 00 00 00 00 00 00 00
1505506340.905528,can0 08FF0001 [8] 00 00 00 00 00 00 00 00
1505506340.908592,can0 0CF00203 [8] 00 00 00 00 00 00 00 00
1505506340.9133,can0 08FF0303 [8] 00 00 00 00 00 00 00 00
1505506340.9157,can0 08FF0001 [8] 00 00 00 00 00 00 00 00
1505506340.92386,can0 0CF00203 [8] 00 00 00 00 00 00 00 00
1505506340.928803,can0 08FF0303 [8] 00 00 00 00 00 00 00 00
1505506340.933262,can0 08FF0001 [8] 00 00 00 00 00 00 00 00
1505506340.940531,can0 0CF00203 [8] 00 00 00 00 00 00 00 00
1505506340.944625,can0 08FF0303 [8] 00 00 00 00 00 00 00 00
1505506340.947146,can0 08FF0001 [8] 00 00 00 00 00 00 00 00
1505506340.950904,can0 0CF00203 [8] 00 00 00 00 00 00 00 00
1505506340.954902,can0 08FF0303 [8] 00 00 00 00 00 00 00 00
1505506340.957738,can0 08FF0001 [8] 00 00 00 00 00 00 00 00
1505506340.960732,can0 0CF00203 [8] 00 00 00 00 00 00 00 00
1505506340.964785,can0 08FF0303 [8] 00 00 00 00 00 00 00 00
1505506340.967307,can0 18F00503 [8] 00 00 00 00 00 00 00 00
1505506340.970367,can0 08FF0001 [8] 00 00 00 00 00 00 00 00
1505506340.97422,can0 0CF00203 [8] 00 00 00 00 00 00 00 00
1505506340.976712,can0 08FF0303 [8] 00 00 00 00 00 00 00 00
1505506340.979743,can0 08FF0001 [8] 00 00 00 00 00 00 00 00
1505506340.982814,can0 0CF00203 [8] 00 00 00 00 00 00 00 00
1505506340.986917,can0 08FF0303 [8] 00 00 00 00 00 00 00 00
1505506340.990066,can0 08FF0001 [8] 00 00 00 00 00 00 00 00
1505506340.992651,can0 0CF00203 [8] 00 00 00 00 00 00 00 00
1505506340.997404,can0 08FF0303 [8] 00 00 00 00 00 00 00 00
1505506340.999756,can0 08FF0001 [8] 00 00 00 00 00 00 00 00
1505506340.730281,can1 18F0010B [8] 00 00 00 00 00 00 00 00
1505506340.733685,can1 18FEF117 [8] 00 00 00 00 00 00 00 00
1505506340.736925,can1 18FEF128 [8] 00 00 00 00 00 00 00 00
1505506340.739541,can1 18FEF121 [8] 00 00 00 00 00 00 00 00
1505506340.743625,can1 18FEF131 [8] 00 00 00 00 00 00 00 00
1505506340.746846,can1 18E00017 [8] 00 00 00 00 00 00 00 00
1505506340.749389,can1 18E00019 [8] 00 00 00 00 00 00 00 00
1505506340.752116,can1 18E00021 [8] 00 00 00 00 00 00 00 00
1505506340.756804,can1 18E00028 [8] 00 00 00 00 00 00 00 00
1505506340.758391,can1 18E00031 [8] 00 00 00 00 00 00 00 00
1505506340.762663,can1 18FEF017 [8] 00 00 00 00 00 00 00 00
1505506340.764751,can1 18FEF021 [8] 00 00 00 00 00 00 00 00
1505506340.767243,can1 18FEF028 [8] 00 00 00 00 00 00 00 00
1505506340.770008,can1 18FEF031 [8] 00 00 00 00 00 00 00 00
1505506340.773024,can1 0CFE6E0B [8] 00 00 00 00 00 00 00 00
1505506340.776621,can1 0CFE6E0B [8] 00 00 00 00 00 00 00 00
1505506340.783088,can1 0CFE6E0B [8] 00 00 00 00 00 00 00 00
1505506340.785587,can1 18F0010B [8] CF FF F0 FF FF DC FF FF
1505506340.795693,can1 18FEBF0B [8] 90 8D 7C 7E FE FE FF FF
1505506340.803507,can1 0CFE6E0B [8] 00 00 00 00 00 00 00 00
1505506340.824444,can1 0CFE6E0B [8] 00 00 00 00 00 00 00 00
1505506340.829035,can1 18F00131 [8] 00 00 00 00 00 00 00 00
1505506340.832356,can1 18F0010B [8] 00 00 00 00 00 00 00 00
1505506340.838344,can1 18FEF117 [8] 00 00 00 00 00 00 00 00
1505506340.841164,can1 18FEF128 [8] 00 00 00 00 00 00 00 00
1505506340.848823,can1 18FEF121 [8] 00 00 00 00 00 00 00 00
1505506340.852116,can1 18FEF131 [8] 00 00 00 00 00 00 00 00
1505506340.856397,can1 18E00017 [8] 00 00 00 00 00 00 00 00
1505506340.858927,can1 18E00019 [8] 00 00 00 00 00 00 00 00
1505506340.864475,can1 18E00021 [8] 00 00 00 00 00 00 00 00
1505506340.870648,can1 18E00028 [8] 00 00 00 00 00 00 00 00
1505506340.874297,can1 18E00031 [8] 00 00 00 00 00 00 00 00
1505506340.877385,can1 18FEF017 [8] 00 00 00 00 00 00 00 00
1505506340.883187,can1 18FEF021 [8] 00 00 00 00 00 00 00 00
1505506340.886156,can1 18FEF028 [8] 00 00 00 00 00 00 00 00
1505506340.889256,can1 18FEF031 [8] 00 00 00 00 00 00 00 00
1505506340.895631,can1 0CFE6E0B [8] 00 00 00 00 00 00 00 00
1505506340.898354,can1 0CFE6E0B [8] 00 00 00 00 00 00 00 00
1505506340.904245,can1 0CFE6E0B [8] 00 00 00 00 00 00 00 00
1505506340.907363,can1 18F0010B [8] CF FF F0 FF FF DC FF FF
1505506340.912212,can1 18FEBF0B [8] 90 8D 7E 7C FE FE FF FF
1505506340.921827,can1 0CFE6E0B [8] 00 00 00 00 00 00 00 00
1505506340.926199,can1 0CFE6E0B [8] 00 00 00 00 00 00 00 00
1505506340.931673,can1 18F00131 [8] 00 00 00 00 00 00 00 00
1505506340.939101,can1 18F0010B [8] 00 00 00 00 00 00 00 00
1505506340.942299,can1 18FEF117 [8] 00 00 00 00 00 00 00 00
1505506340.945892,can1 18FEF128 [8] 00 00 00 00 00 00 00 00
1505506340.949533,can1 18FEF121 [8] 00 00 00 00 00 00 00 00
1505506340.952664,can1 18FEF131 [8] 00 00 00 00 00 00 00 00
1505506340.956233,can1 18E00017 [8] 00 00 00 00 00 00 00 00
1505506340.95951,can1 18E00019 [8] 00 00 00 00 00 00 00 00
1505506340.96238,can1 18E00021 [8] 00 00 00 00 00 00 00 00
1505506340.96608,can1 18E00028 [8] 00 00 00 00 00 00 00 00
1505506340.969144,can1 18E00031 [8] 00 00 00 00 00 00 00 00
1505506340.972074,can1 18FEF017 [8] 00 00 00 00 00 00 00 00
1505506340.975487,can1 18FEF021 [8] 00 00 00 00 00 00 00 00
1505506340.978511,can1 18FEF028 [8] 00 00 00 00 00 00 00 00
1505506340.980956,can1 18FEF031 [8] 00 00 00 00 00 00 00 00
1505506340.985723,can1 0CFE6E0B [8] 00 00 00 00 00 00 00 00
1505506340.988237,can1 0CFE6E0B [8] 00 00 00 00 00 00 00 00
1505506340.991578,can1 0CFE6E0B [8] 00 00 00 00 00 00 00 00
1505506340.996081,can1 18F0010B [8] CF FF F0 FF FF DC FF FF
1505506340.99912,can1 18FEBF0B [8] 80 8D 7D 7D FE FE FF FF
1505506341.003296,can1 0CFE6E0B [8] 00 00 00 00 00 00 00 00
