1505778078.565674,can0 08FF0001 [8] 00 00 00 00 00 00 00 00
1505778078.578457,can0 0CF00203 [8] 00 00 00 00 00 00 00 00
1505778078.580226,can0 08FF0303 [8] 00 00 00 00 00 00 00 00
1505778078.588043,can0 08FF0001 [8] 00 00 00 00 00 00 00 00
1505778078.593581,can0 0CF00203 [8] 00 00 00 00 00 00 00 00
1505778078.604455,can0 08FF0303 [8] 00 00 00 00 00 00 00 00
1505778078.618189,can0 08FF0001 [8] 00 00 00 00 00 00 00 00
1505778078.620078,can0 0CF00203 [8] 00 00 00 00 00 00 00 00
1505778078.621474,can0 08FF0303 [8] 00 00 00 00 00 00 00 00
1505778078.63128,can0 08FF0001 [8] 00 00 00 00 00 00 00 00
1505778078.632908,can0 0CF00203 [8] 00 00 00 00 00 00 00 00
1505778078.642591,can0 08FF0303 [8] 00 00 00 00 00 00 00 00
1505778078.644424,can0 08FF0001 [8] 00 00 00 00 00 00 00 00
1505778078.654364,can0 0CF00203 [8] 00 00 00 00 00 00 00 00
1505778078.65609,can0 08FF0303 [8] 00 00 00 00 00 00 00 00
1505778078.661558,can0 08FF0001 [8] 00 00 00 00 00 00 00 00
1505778078.663089,can0 0CF00203 [8] 00 00 00 00 00 00 00 00
1505778078.668944,can0 08FF0303 [8] 00 00 00 00 00 00 00 00
1505778078.670394,can0 08FF0001 [8] 00 00 00 00 00 00 00 00
1505778078.671844,can0 0CF00203 [8] 00 00 00 00 00 00 00 00
1505778078.677251,can0 08FF0303 [8] 00 00 00 00 00 00 00 00
1505778078.678707,can0 18F00503 [8] 00 00 00 00 00 00 00 00
1505778078.680005,can0 08FF0001 [8] 00 00 00 00 00 00 00 00
1505778078.68555,can0 0CF00203 [8] 00 00 00 00 00 00 00 00
1505778078.69082,can0 08FF0303 [8] 00 00 00 00 00 00 00 00
1505778078.692304,can0 08FF0001 [8] 00 00 00 00 00 00 00 00
1505778078.693854,can0 0CF00203 [8] 00 00 00 00 00 00 00 00
1505778078.700026,can0 08FF0303 [8] 00 00 00 00 00 00 00 00
1505778078.70173,can0 08FF0001 [8] 00 00 00 00 00 00 00 00
1505778078.707331,can0 0CF00203 [8] 00 00 00 00 00 00 00 00
1505778078.708766,can0 08FF0303 [8] 00 00 00 00 00 00 00 00
1505778078.7153,can0 08FF0001 [8] 00 00 00 00 00 00 00 00
1505778078.716056,can0 0CF00203 [8] 00 00 00 00 00 00 00 00
1505778078.716563,can0 08FF0303 [8] 00 00 00 00 00 00 00 00
1505778078.71701,can0 08FF0001 [8] 00 00 00 00 00 00 00 00
1505778078.717432,can0 0CF00203 [8] 00 00 00 00 00 00 00 00
1505778078.717959,can0 08FF0303 [8] 00 00 00 00 00 00 00 00
1505778078.718386,can0 08FF0001 [8] 00 00 00 00 00 00 00 00
1505778078.718801,can0 0CF00203 [8] 00 00 00 00 00 00 00 00
1505778078.719204,can0 08FF0303 [8] 00 00 00 00 00 00 00 00
1505778078.727598,can0 08FF0001 [8] 00 00 00 00 00 00 00 00
1505778078.728123,can0 0CF00203 [8] 00 00 00 00 00 00 00 00
1505778078.728572,can0 08FF0303 [8] 00 00 00 00 00 00 00 00
1505778078.728993,can0 08FF0001 [8] 00 00 00 00 00 00 00 00
1505778078.729494,can0 0CF00203 [8] 00 00 00 00 00 00 00 00
1505778078.729934,can0 08FF0303 [8] 00 00 00 00 00 00 00 00
1505778078.730351,can0 08FF0001 [8] 00 00 00 00 00 00 00 00
1505778078.730835,can0 0CF00203 [8] 00 00 00 00 00 00 00 00
1505778078.732607,can0 08FF0303 [8] 00 00 00 00 00 00 00 00
1505778078.733194,can0 08FF0001 [8] 00 00 00 00 00 00 00 00
1505778078.733841,can0 0CF00203 [8] 00 00 00 00 00 00 00 00
1505778078.734371,can0 08FF0303 [8] 00 00 00 00 00 00 00 00
1505778078.734878,can0 18F00503 [8] 00 00 00 00 00 00 00 00
1505778078.735383,can0 08FF0001 [8] 00 00 00 00 00 00 00 00
1505778078.735816,can0 0CF00203 [8] 00 00 00 00 00 00 00 00
1505778078.736234,can0 08FF0303 [8] 00 00 00 00 00 00 00 00
1505778078.736642,can0 08FF0001 [8] 00 00 00 00 00 00 00 00
1505778078.737771,can0 0CF00203 [8] 00 00 00 00 00 00 00 00
1505778078.738284,can0 08FF0303 [8] 00 00 00 00 00 00 00 00
1505778078.738822,can0 08FF0001 [8] 00 00 00 00 00 00 00 00
1505778078.739382,can0 0CF00203 [8] 00 00 00 00 00 00 00 00
1505778078.739835,can0 08FF0303 [8] 00 00 00 00 00 00 00 00
1505778078.74025,can0 08FF0001 [8] 00 00 00 00 00 00 00 00
1505778078.740654,can0 0CF00203 [8] 00 00 00 00 00 00 00 00
1505778078.741133,can0 08FF0303 [8] 00 00 00 00 00 00 00 00
1505778078.743613,can0 08FF0001 [8] 00 00 00 00 00 00 00 00
1505778078.74418,can0 0CF00203 [8] 00 00 00 00 00 00 00 00
1505778078.744721,can0 08FF0303 [8] 00 00 00 00 00 00 00 00
1505778078.754938,can0 08FF0001 [8] 00 00 00 00 00 00 00 00
1505778078.755584,can0 0CF00203 [8] 00 00 00 00 00 00 00 00
1505778078.756071,can0 08FF0303 [8] 00 00 00 00 00 00 00 00
1505778078.763807,can0 08FF0001 [8] 00 00 00 00 00 00 00 00
1505778078.764789,can0 0CF00203 [8] 00 00 00 00 00 00 00 00
1505778078.765336,can0 08FF0303 [8] 00 00 00 00 00 00 00 00
1505778078.774962,can0 08FF0001 [8] 00 00 00 00 00 00 00 00
1505778078.775611,can0 0CF00203 [8] 00 00 00 00 00 00 00 00
1505778078.776182,can0 08FF0303 [8] 00 00 00 00 00 00 00 00
1505778078.783764,can0 08FF0001 [8] 00 00 00 00 00 00 00 00
1505778078.784692,can0 0CF00203 [8] 00 00 00 00 00 00 00 00
1505778078.785214,can0 08FF0303 [8] 00 00 00 00 00 00 00 00
1505778078.795956,can0 08FF0001 [8] 00 00 00 00 00 00 00 00
1505778078.79666,can0 0CF00203 [8] 00 00 00 00 00 00 00 00
1505778078.797218,can0 08FF0303 [8] 00 00 00 00 00 00 00 00
1505778078.797818,can0 18F00503 [8] 00 00 00 00 00 00 00 00
1505778078.803729,can0 08FF0001 [8] 00 00 00 00 00 00 00 00
1505778078.804384,can0 0CF00203 [8] 00 00 00 00 00 00 00 00
1505778078.804933,can0 08FF0303 [8] 00 00 00 00 00 00 00 00
1505778078.813701,can0 08FF0001 [8] 00 00 00 00 00 00 00 00
1505778078.81436,can0 0CF00203 [8] 00 00 00 00 00 00 00 00
1505778078.814915,can0 08FF0303 [8] 00 00 00 00 00 00 00 00
1505778078.823635,can0 08FF0001 [8] 00 00 00 00 00 00 00 00
1505778078.82427,can0 0CF00203 [8] 00 00 00 00 00 00 00 00
1505778078.824804,can0 08FF0303 [8] 00 00 00 00 00 00 00 00
1505778078.833618,can0 08FF0001 [8] 00 00 00 00 00 00 00 00
1505778078.834186,can0 0CF00203 [8] 00 00 00 00 00 00 00 00
1505778078.835472,can0 08FF0303 [8] 00 00 00 00 00 00 00 00
1505778078.843613,can0 08FF0001 [8] 00 00 00 00 00 00 00 00
1505778078.844184,can0 0CF00203 [8] 00 00 00 00 00 00 00 00
1505778078.84477,can0 08FF0303 [8] 00 00 00 00 00 00 00 00
1505778078.85442,can0 08FF0001 [8] 00 00 00 00 00 00 00 00
1505778078.855032,can0 0CF00203 [8] 00 00 00 00 00 00 00 00
1505778078.855483,can0 08FF0303 [8] 00 00 00 00 00 00 00 00
1505778078.863594,can0 08FF0001 [8] 00 00 00 00 00 00 00 00
1505778078.864188,can0 0CF00203 [8] 00 00 00 00 00 00 00 00
1505778078.864707,can0 08FF0303 [8] 00 00 00 00 00 00 00 00
1505778078.874457,can0 08FF0001 [8] 00 00 00 00 00 00 00 00
1505778078.875061,can0 0CF00203 [8] 00 00 00 00 00 00 00 00
1505778078.875522,can0 08FF0303 [8] 00 00 00 00 00 00 00 00
1505778078.883716,can0 08FF0001 [8] 00 00 00 00 00 00 00 00
1505778078.884477,can0 0CF00203 [8] 00 00 00 00 00 00 00 00
1505778078.885058,can0 08FF0303 [8] 00 00 00 00 00 00 00 00
1505778078.897465,can0 08FF0001 [8] 00 00 00 00 00 00 00 00
1505778078.89811,can0 0CF00203 [8] 00 00 00 00 00 00 00 00
1505778078.898659,can0 08FF0303 [8] 00 00 00 00 00 00 00 00
1505778078.899224,can0 18F00503 [8] 00 00 00 00 00 00 00 00
1505778078.903623,can0 08FF0001 [8] 00 00 00 00 00 00 00 00
1505778078.904243,can0 0CF00203 [8] 00 00 00 00 00 00 00 00
1505778078.904767,can0 08FF0303 [8] 00 00 00 00 00 00 00 00
1505778078.913668,can0 08FF0001 [8] 00 00 00 00 00 00 00 00
1505778078.914322,can0 0CF00203 [8] 00 00 00 00 00 00 00 00
1505778078.914941,can0 08FF0303 [8] 00 00 00 00 00 00 00 00
1505778078.923648,can0 08FF0001 [8] 00 00 00 00 00 00 00 00
1505778078.924282,can0 0CF00203 [8] 00 00 00 00 00 00 00 00
1505778078.924888,can0 08FF0303 [8] 00 00 00 00 00 00 00 00
1505778078.933632,can0 08FF0001 [8] 00 00 00 00 00 00 00 00
1505778078.934184,can0 0CF00203 [8] 00 00 00 00 00 00 00 00
1505778078.934774,can0 08FF0303 [8] 00 00 00 00 00 00 00 00
1505778078.943646,can0 08FF0001 [8] 00 00 00 00 00 00 00 00
1505778078.944327,can0 0CF00203 [8] 00 00 00 00 00 00 00 00
1505778078.944869,can0 08FF0303 [8] 00 00 00 00 00 00 00 00
1505778078.954425,can0 08FF0001 [8] 00 00 00 00 00 00 00 00
1505778078.955041,can0 0CF00203 [8] 00 00 00 00 00 00 00 00
1505778078.9555,can0 08FF0303 [8] 00 00 00 00 00 00 00 00
1505778078.96363,can0 08FF0001 [8] 00 00 00 00 00 00 00 00
1505778078.964189,can0 0CF00203 [8] 00 00 00 00 00 00 00 00
1505778078.626318,can1 0CFE6E0B [8] 00 00 00 00 00 00 00 00
1505778078.638841,can1 18F00131 [8] 00 00 00 00 00 00 00 00
1505778078.640578,can1 18F0010B [8] 00 00 00 00 00 00 00 00
1505778078.650335,can1 18FEF117 [8] 00 00 00 00 00 00 00 00
1505778078.652022,can1 18FEF128 [8] 00 00 00 00 00 00 00 00
1505778078.658462,can1 18FEF121 [8] 00 00 00 00 00 00 00 00
1505778078.660093,can1 18FEF131 [8] 00 00 00 00 00 00 00 00
1505778078.665489,can1 18E00017 [8] 00 00 00 00 00 00 00 00
1505778078.666987,can1 18E00019 [8] 00 00 00 00 00 00 00 00
1505778078.668503,can1 18E00021 [8] 00 00 00 00 00 00 00 00
1505778078.674343,can1 18E00028 [8] 00 00 00 00 00 00 00 00
1505778078.675931,can1 18E00031 [8] 00 00 00 00 00 00 00 00
1505778078.681347,can1 18FEF017 [8] 00 00 00 00 00 00 00 00
1505778078.682779,can1 18FEF021 [8] 00 00 00 00 00 00 00 00
1505778078.686975,can1 18FEF028 [8] 00 00 00 00 00 00 00 00
1505778078.688535,can1 18FEF031 [8] 00 00 00 00 00 00 00 00
1505778078.689843,can1 18F0010B [8] CF FF F0 FF FF DC FF FF
1505778078.69585,can1 0CFE6E0B [8] 00 00 00 00 00 00 00 00
1505778078.697676,can1 18FEBF0B [8] 00 00 7D 7D FE FE FF FF
1505778078.703297,can1 0CFE6E0B [8] 00 00 00 00 00 00 00 00
1505778078.705115,can1 0CFE6E0B [8] 00 00 00 00 00 00 00 00
1505778078.710543,can1 0CFE6E0B [8] 00 00 00 00 00 00 00 00
1505778078.719621,can1 0CFE6E0B [8] 00 00 00 00 00 00 00 00
1505778078.720188,can1 18F00131 [8] 00 00 00 00 00 00 00 00
1505778078.72065,can1 18F0010B [8] 00 00 00 00 00 00 00 00
1505778078.721069,can1 18FEF117 [8] 00 00 00 00 00 00 00 00
1505778078.721651,can1 18FEF128 [8] 00 00 00 00 00 00 00 00
1505778078.722113,can1 18FEF121 [8] 00 00 00 00 00 00 00 00
1505778078.722536,can1 18FEF131 [8] 00 00 00 00 00 00 00 00
1505778078.722942,can1 18E00017 [8] 00 00 00 00 00 00 00 00
1505778078.72349,can1 18E00019 [8] 00 00 00 00 00 00 00 00
1505778078.72402,can1 18E00021 [8] 00 00 00 00 00 00 00 00
1505778078.724464,can1 18E00028 [8] 00 00 00 00 00 00 00 00
1505778078.724946,can1 18E00031 [8] 00 00 00 00 00 00 00 00
1505778078.72542,can1 18FEF017 [8] 00 00 00 00 00 00 00 00
1505778078.725858,can1 18FEF021 [8] 00 00 00 00 00 00 00 00
1505778078.72627,can1 18FEF028 [8] 00 00 00 00 00 00 00 00
1505778078.726663,can1 18FEF031 [8] 00 00 00 00 00 00 00 00
1505778078.727055,can1 18F0010B [8] CF FF F0 FF FF DC FF FF
1505778078.731538,can1 0CFE6E0B [8] 00 00 00 00 00 00 00 00
1505778078.732049,can1 18FEBF0B [8] 00 00 7D 7D FE FE FF FF
1505778078.737242,can1 0CFE6E0B [8] 00 00 00 00 00 00 00 00
1505778078.753834,can1 0CFE6E0B [8] 00 00 00 00 00 00 00 00
1505778078.773837,can1 0CFE6E0B [8] 00 00 00 00 00 00 00 00
1505778078.793906,can1 0CFE6E0B [8] 00 00 00 00 00 00 00 00
1505778078.79487,can1 18F00131 [8] 00 00 00 00 00 00 00 00
1505778078.795495,can1 18F0010B [8] 00 00 00 00 00 00 00 00
1505778078.798835,can1 18FEF117 [8] 00 00 00 00 00 00 00 00
1505778078.799407,can1 18FEF128 [8] 00 00 00 00 00 00 00 00
1505778078.800019,can1 18FEF121 [8] 00 00 00 00 00 00 00 00
1505778078.800527,can1 18FEF131 [8] 00 00 00 00 00 00 00 00
1505778078.801014,can1 18E00017 [8] 00 00 00 00 00 00 00 00
1505778078.801911,can1 18E00019 [8] 00 00 00 00 00 00 00 00
1505778078.802604,can1 18E00021 [8] 00 00 00 00 00 00 00 00
1505778078.803075,can1 18E00028 [8] 00 00 00 00 00 00 00 00
1505778078.805585,can1 18E00031 [8] 00 00 00 00 00 00 00 00
1505778078.806187,can1 18FEF017 [8] 00 00 00 00 00 00 00 00
1505778078.80666,can1 18FEF021 [8] 00 00 00 00 00 00 00 00
1505778078.807085,can1 18FEF028 [8] 00 00 00 00 00 00 00 00
1505778078.80767,can1 18FEF031 [8] 00 00 00 00 00 00 00 00
1505778078.808128,can1 18F0010B [8] CF FF F0 FF FF DC FF FF
1505778078.815558,can1 0CFE6E0B [8] 00 00 00 00 00 00 00 00
1505778078.816327,can1 18FEBF0B [8] 00 00 7D 7D FE FE FF FF
1505778078.834847,can1 0CFE6E0B [8] 00 00 00 00 00 00 00 00
1505778078.853662,can1 0CFE6E0B [8] 00 00 00 00 00 00 00 00
1505778078.873683,can1 0CFE6E0B [8] 00 00 00 00 00 00 00 00
1505778078.8937,can1 0CFE6E0B [8] 00 00 00 00 00 00 00 00
1505778078.894443,can1 18F00131 [8] 00 00 00 00 00 00 00 00
1505778078.895053,can1 18F0010B [8] 00 00 00 00 00 00 00 00
1505778078.895769,can1 18FEF117 [8] 00 00 00 00 00 00 00 00
1505778078.896226,can1 18FEF128 [8] 00 00 00 00 00 00 00 00
1505778078.896715,can1 18FEF121 [8] 00 00 00 00 00 00 00 00
1505778078.8997,can1 18FEF131 [8] 00 00 00 00 00 00 00 00
1505778078.900401,can1 18E00017 [8] 00 00 00 00 00 00 00 00
1505778078.900883,can1 18E00019 [8] 00 00 00 00 00 00 00 00
1505778078.901474,can1 18E00021 [8] 00 00 00 00 00 00 00 00
1505778078.902,can1 18E00028 [8] 00 00 00 00 00 00 00 00
1505778078.902494,can1 18E00031 [8] 00 00 00 00 00 00 00 00
1505778078.902903,can1 18FEF017 [8] 00 00 00 00 00 00 00 00
1505778078.905308,can1 18FEF021 [8] 00 00 00 00 00 00 00 00
1505778078.905842,can1 18FEF028 [8] 00 00 00 00 00 00 00 00
1505778078.906377,can1 18FEF031 [8] 00 00 00 00 00 00 00 00
1505778078.90682,can1 18F0010B [8] CF FF F0 FF FF DC FF FF
1505778078.915515,can1 0CFE6E0B [8] 00 00 00 00 00 00 00 00
1505778078.916477,can1 18FEBF0B [8] 00 00 7D 7D FE FE FF FF
1505778078.935329,can1 0CFE6E0B [8] 00 00 00 00 00 00 00 00
1505778078.953671,can1 0CFE6E0B [8] 00 00 00 00 00 00 00 00
1505778078.973741,can1 0CFE6E0B [8] 00 00 00 00 00 00 00 00
1505778078.993692,can1 0CFE6E0B [8] 00 00 00 00 00 00 00 00
1505778078.994417,can1 18F00131 [8] 00 00 00 00 00 00 00 00
1505778078.99518,can1 18F0010B [8] 00 00 00 00 00 00 00 00
1505778078.995655,can1 18FEF117 [8] 00 00 00 00 00 00 00 00
1505778078.99616,can1 18FEF128 [8] 00 00 00 00 00 00 00 00
1505778078.996639,can1 18FEF121 [8] 00 00 00 00 00 00 00 00
1505778078.99966,can1 18FEF131 [8] 00 00 00 00 00 00 00 00
1505778079.000232,can1 18E00017 [8] 00 00 00 00 00 00 00 00
1505778079.000806,can1 18E00019 [8] 00 00 00 00 00 00 00 00
1505778079.001329,can1 18E00021 [8] 00 00 00 00 00 00 00 00
1505778079.001821,can1 18E00028 [8] 00 00 00 00 00 00 00 00
1505778079.002288,can1 18E00031 [8] 00 00 00 00 00 00 00 00
1505778079.002761,can1 18FEF017 [8] 00 00 00 00 00 00 00 00
1505778079.003195,can1 18FEF021 [8] 00 00 00 00 00 00 00 00
1505778079.005595,can1 18FEF028 [8] 00 00 00 00 00 00 00 00
1505778079.006083,can1 18FEF031 [8] 00 00 00 00 00 00 00 00
1505778079.006647,can1 18F0010B [8] CF FF F0 FF FF DC FF FF
1505778079.017906,can1 0CFE6E0B [8] 00 00 00 00 00 00 00 00
1505778079.018801,can1 18FEBF0B [8] 00 00 7D 7D FE FE FF FF
1505778079.033816,can1 0CFE6E0B [8] 00 00 00 00 00 00 00 00
1505778079.05382,can1 0CFE6E0B [8] 00 00 00 00 00 00 00 00
1505778079.073822,can1 0CFE6E0B [8] 00 00 00 00 00 00 00 00
1505778079.093824,can1 0CFE6E0B [8] 00 00 00 00 00 00 00 00
1505778079.094985,can1 18F00131 [8] 00 00 00 00 00 00 00 00
1505778079.095935,can1 18F0010B [8] 00 00 00 00 00 00 00 00
1505778079.096775,can1 18FEF117 [8] 00 00 00 00 00 00 00 00
1505778079.097618,can1 18FEF128 [8] 00 00 00 00 00 00 00 00
1505778079.101851,can1 18FEF121 [8] 00 00 00 00 00 00 00 00
1505778079.102851,can1 18FEF131 [8] 00 00 00 00 00 00 00 00
1505778079.103661,can1 18E00017 [8] 00 00 00 00 00 00 00 00
1505778079.104507,can1 18E00019 [8] 00 00 00 00 00 00 00 00
1505778079.105273,can1 18E00021 [8] 00 00 00 00 00 00 00 00
1505778079.10592,can1 18E00028 [8] 00 00 00 00 00 00 00 00
1505778079.109522,can1 18E00031 [8] 00 00 00 00 00 00 00 00
1505778079.110337,can1 18FEF017 [8] 00 00 00 00 00 00 00 00
1505778079.111025,can1 18FEF021 [8] 00 00 00 00 00 00 00 00
1505778079.111671,can1 18FEF028 [8] 00 00 00 00 00 00 00 00
1505778079.112521,can1 18FEF031 [8] 00 00 00 00 00 00 00 00
1505778079.113199,can1 18F0010B [8] CF FF F0 FF FF DC FF FF
1505778079.117023,can1 0CFE6E0B [8] 00 00 00 00 00 00 00 00
1505778079.117752,can1 18FEBF0B [8] 00 00 7D 7D FE FE FF FF
1505778079.133817,can1 0CFE6E0B [8] 00 00 00 00 00 00 00 00
1505778079.153803,can1 0CFE6E0B [8] 00 00 00 00 00 00 00 00
1505778079.173812,can1 0CFE6E0B [8] 00 00 00 00 00 00 00 00
1505778079.193816,can1 0CFE6E0B [8] 00 00 00 00 00 00 00 00
1505778079.194975,can1 18F00131 [8] 00 00 00 00 00 00 00 00
1505778079.195904,can1 18F0010B [8] 00 00 00 00 00 00 00 00
1505778078.965462,can0 08FF0303 [8] 00 00 00 00 00 00 00 00
1505778078.974633,can0 08FF0001 [8] 00 00 00 00 00 00 00 00
1505778078.975215,can0 0CF00203 [8] 00 00 00 00 00 00 00 00
1505778078.975889,can0 08FF0303 [8] 00 00 00 00 00 00 00 00
1505778078.983625,can0 08FF0001 [8] 00 00 00 00 00 00 00 00
1505778078.984178,can0 0CF00203 [8] 00 00 00 00 00 00 00 00
1505778078.984753,can0 08FF0303 [8] 00 00 00 00 00 00 00 00
1505778078.997075,can0 08FF0001 [8] 00 00 00 00 00 00 00 00
1505778078.997685,can0 0CF00203 [8] 00 00 00 00 00 00 00 00
1505778078.998226,can0 08FF0303 [8] 00 00 00 00 00 00 00 00
1505778078.99879,can0 18F00503 [8] 00 00 00 00 00 00 00 00
1505778079.003647,can0 08FF0001 [8] 00 00 00 00 00 00 00 00
1505778079.004263,can0 0CF00203 [8] 00 00 00 00 00 00 00 00
1505778079.004849,can0 08FF0303 [8] 00 00 00 00 00 00 00 00
1505778079.013686,can0 08FF0001 [8] 00 00 00 00 00 00 00 00
1505778079.01431,can0 0CF00203 [8] 00 00 00 00 00 00 00 00
1505778079.017018,can0 08FF0303 [8] 00 00 00 00 00 00 00 00
1505778079.023786,can0 08FF0001 [8] 00 00 00 00 00 00 00 00
1505778079.024836,can0 0CF00203 [8] 00 00 00 00 00 00 00 00
1505778079.025552,can0 08FF0303 [8] 00 00 00 00 00 00 00 00
1505778079.034948,can0 08FF0001 [8] 00 00 00 00 00 00 00 00
1505778079.035721,can0 0CF00203 [8] 00 00 00 00 00 00 00 00
1505778079.036525,can0 08FF0303 [8] 00 00 00 00 00 00 00 00
1505778079.043779,can0 08FF0001 [8] 00 00 00 00 00 00 00 00
1505778079.044676,can0 0CF00203 [8] 00 00 00 00 00 00 00 00
1505778079.045365,can0 08FF0303 [8] 00 00 00 00 00 00 00 00
1505778079.054975,can0 08FF0001 [8] 00 00 00 00 00 00 00 00
1505778079.055875,can0 0CF00203 [8] 00 00 00 00 00 00 00 00
1505778079.05658,can0 08FF0303 [8] 00 00 00 00 00 00 00 00
1505778079.063728,can0 08FF0001 [8] 00 00 00 00 00 00 00 00
1505778079.064612,can0 0CF00203 [8] 00 00 00 00 00 00 00 00
1505778079.06538,can0 08FF0303 [8] 00 00 00 00 00 00 00 00
1505778079.074968,can0 08FF0001 [8] 00 00 00 00 00 00 00 00
1505778079.075778,can0 0CF00203 [8] 00 00 00 00 00 00 00 00
1505778079.076458,can0 08FF0303 [8] 00 00 00 00 00 00 00 00
1505778079.083711,can0 08FF0001 [8] 00 00 00 00 00 00 00 00
1505778079.084593,can0 0CF00203 [8] 00 00 00 00 00 00 00 00
1505778079.085379,can0 08FF0303 [8] 00 00 00 00 00 00 00 00
1505778079.098751,can0 08FF0001 [8] 00 00 00 00 00 00 00 00
1505778079.099628,can0 0CF00203 [8] 00 00 00 00 00 00 00 00
1505778079.100564,can0 08FF0303 [8] 00 00 00 00 00 00 00 00
1505778079.101344,can0 18F00503 [8] 00 00 00 00 00 00 00 00
1505778079.106918,can0 08FF0001 [8] 00 00 00 00 00 00 00 00
1505778079.107668,can0 0CF00203 [8] 00 00 00 00 00 00 00 00
1505778079.108447,can0 08FF0303 [8] 00 00 00 00 00 00 00 00
1505778079.113792,can0 08FF0001 [8] 00 00 00 00 00 00 00 00
1505778079.114911,can0 0CF00203 [8] 00 00 00 00 00 00 00 00
1505778079.115648,can0 08FF0303 [8] 00 00 00 00 00 00 00 00
1505778079.123851,can0 08FF0001 [8] 00 00 00 00 00 00 00 00
1505778079.12484,can0 0CF00203 [8] 00 00 00 00 00 00 00 00
1505778079.125544,can0 08FF0303 [8] 00 00 00 00 00 00 00 00
1505778079.134889,can0 08FF0001 [8] 00 00 00 00 00 00 00 00
1505778079.13576,can0 0CF00203 [8] 00 00 00 00 00 00 00 00
1505778079.136477,can0 08FF0303 [8] 00 00 00 00 00 00 00 00
1505778079.143722,can0 08FF0001 [8] 00 00 00 00 00 00 00 00
1505778079.144599,can0 0CF00203 [8] 00 00 00 00 00 00 00 00
1505778079.14537,can0 08FF0303 [8] 00 00 00 00 00 00 00 00
1505778079.154884,can0 08FF0001 [8] 00 00 00 00 00 00 00 00
1505778079.15575,can0 0CF00203 [8] 00 00 00 00 00 00 00 00
1505778079.156458,can0 08FF0303 [8] 00 00 00 00 00 00 00 00
1505778079.163714,can0 08FF0001 [8] 00 00 00 00 00 00 00 00
1505778079.164605,can0 0CF00203 [8] 00 00 00 00 00 00 00 00
1505778079.165388,can0 08FF0303 [8] 00 00 00 00 00 00 00 00
1505778079.17494,can0 08FF0001 [8] 00 00 00 00 00 00 00 00
1505778079.175731,can0 0CF00203 [8] 00 00 00 00 00 00 00 00
1505778079.176416,can0 08FF0303 [8] 00 00 00 00 00 00 00 00
1505778079.183727,can0 08FF0001 [8] 00 00 00 00 00 00 00 00
1505778079.184687,can0 0CF00203 [8] 00 00 00 00 00 00 00 00
1505778079.185391,can0 08FF0303 [8] 00 00 00 00 00 00 00 00
1505778079.198425,can0 08FF0001 [8] 00 00 00 00 00 00 00 00
1505778079.19948,can0 0CF00203 [8] 00 00 00 00 00 00 00 00
1505778079.200476,can0 08FF0303 [8] 00 00 00 00 00 00 00 00
1505778079.201269,can0 18F00503 [8] 00 00 00 00 00 00 00 00
1505778079.2061,can0 08FF0001 [8] 00 00 00 00 00 00 00 00
1505778079.206979,can0 0CF00203 [8] 00 00 00 00 00 00 00 00
1505778079.207678,can0 08FF0303 [8] 00 00 00 00 00 00 00 00
1505778079.213893,can0 08FF0001 [8] 00 00 00 00 00 00 00 00
1505778079.21486,can0 0CF00203 [8] 00 00 00 00 00 00 00 00
1505778079.215643,can0 08FF0303 [8] 00 00 00 00 00 00 00 00
1505778079.223799,can0 08FF0001 [8] 00 00 00 00 00 00 00 00
1505778079.224761,can0 0CF00203 [8] 00 00 00 00 00 00 00 00
1505778079.225555,can0 08FF0303 [8] 00 00 00 00 00 00 00 00
1505778079.233764,can0 08FF0001 [8] 00 00 00 00 00 00 00 00
1505778079.23466,can0 0CF00203 [8] 00 00 00 00 00 00 00 00
1505778079.235445,can0 08FF0303 [8] 00 00 00 00 00 00 00 00
1505778079.243779,can0 08FF0001 [8] 00 00 00 00 00 00 00 00
1505778079.244756,can0 0CF00203 [8] 00 00 00 00 00 00 00 00
1505778079.249212,can0 08FF0303 [8] 00 00 00 00 00 00 00 00
1505778079.255238,can0 08FF0001 [8] 00 00 00 00 00 00 00 00
1505778079.256095,can0 0CF00203 [8] 00 00 00 00 00 00 00 00
1505778079.256904,can0 08FF0303 [8] 00 00 00 00 00 00 00 00
1505778079.263829,can0 08FF0001 [8] 00 00 00 00 00 00 00 00
1505778079.264951,can0 0CF00203 [8] 00 00 00 00 00 00 00 00
1505778079.265689,can0 08FF0303 [8] 00 00 00 00 00 00 00 00
1505778079.275254,can0 08FF0001 [8] 00 00 00 00 00 00 00 00
1505778079.276205,can0 0CF00203 [8] 00 00 00 00 00 00 00 00
1505778079.276949,can0 08FF0303 [8] 00 00 00 00 00 00 00 00
1505778079.283845,can0 08FF0001 [8] 00 00 00 00 00 00 00 00
1505778079.284964,can0 0CF00203 [8] 00 00 00 00 00 00 00 00
1505778079.285686,can0 08FF0303 [8] 00 00 00 00 00 00 00 00
1505778079.296074,can0 08FF0001 [8] 00 00 00 00 00 00 00 00
1505778079.297095,can0 0CF00203 [8] 00 00 00 00 00 00 00 00
1505778079.298008,can0 08FF0303 [8] 00 00 00 00 00 00 00 00
1505778079.298863,can0 18F00503 [8] 00 00 00 00 00 00 00 00
1505778079.307708,can0 08FF0001 [8] 00 00 00 00 00 00 00 00
1505778079.308605,can0 0CF00203 [8] 00 00 00 00 00 00 00 00
1505778079.309403,can0 08FF0303 [8] 00 00 00 00 00 00 00 00
1505778079.315509,can0 08FF0001 [8] 00 00 00 00 00 00 00 00
1505778079.316369,can0 0CF00203 [8] 00 00 00 00 00 00 00 00
1505778079.317419,can0 08FF0303 [8] 00 00 00 00 00 00 00 00
1505778079.323819,can0 08FF0001 [8] 00 00 00 00 00 00 00 00
1505778079.324822,can0 0CF00203 [8] 00 00 00 00 00 00 00 00
1505778079.325649,can0 08FF0303 [8] 00 00 00 00 00 00 00 00
1505778079.33386,can0 08FF0001 [8] 00 00 00 00 00 00 00 00
1505778079.334963,can0 0CF00203 [8] 00 00 00 00 00 00 00 00
1505778079.335717,can0 08FF0303 [8] 00 00 00 00 00 00 00 00
1505778079.343912,can0 08FF0001 [8] 00 00 00 00 00 00 00 00
1505778079.344971,can0 0CF00203 [8] 00 00 00 00 00 00 00 00
1505778079.345697,can0 08FF0303 [8] 00 00 00 00 00 00 00 00
1505778079.355012,can0 08FF0001 [8] 00 00 00 00 00 00 00 00
1505778079.355794,can0 0CF00203 [8] 00 00 00 00 00 00 00 00
1505778079.356603,can0 08FF0303 [8] 00 00 00 00 00 00 00 00
1505778079.363739,can0 08FF0001 [8] 00 00 00 00 00 00 00 00
1505778079.364691,can0 0CF00203 [8] 00 00 00 00 00 00 00 00
1505778079.365392,can0 08FF0303 [8] 00 00 00 00 00 00 00 00
1505778079.374942,can0 08FF0001 [8] 00 00 00 00 00 00 00 00
1505778079.375795,can0 0CF00203 [8] 00 00 00 00 00 00 00 00
1505778079.376514,can0 08FF0303 [8] 00 00 00 00 00 00 00 00
1505778079.383817,can0 08FF0001 [8] 00 00 00 00 00 00 00 00
1505778079.384845,can0 0CF00203 [8] 00 00 00 00 00 00 00 00
1505778079.385655,can0 08FF0303 [8] 00 00 00 00 00 00 00 00
1505778079.397597,can0 08FF0001 [8] 00 00 00 00 00 00 00 00
1505778079.398489,can0 0CF00203 [8] 00 00 00 00 00 00 00 00
1505778079.399429,can0 08FF0303 [8] 00 00 00 00 00 00 00 00
1505778079.400222,can0 18F00503 [8] 00 00 00 00 00 00 00 00
1505778079.197681,can1 18FEF117 [8] 00 00 00 00 00 00 00 00
1505778079.202672,can1 18FEF128 [8] 00 00 00 00 00 00 00 00
1505778079.203542,can1 18FEF121 [8] 00 00 00 00 00 00 00 00
1505778079.204439,can1 18FEF131 [8] 00 00 00 00 00 00 00 00
1505778079.205216,can1 18E00017 [8] 00 00 00 00 00 00 00 00
1505778079.20856,can1 18E00019 [8] 00 00 00 00 00 00 00 00
1505778079.209416,can1 18E00021 [8] 00 00 00 00 00 00 00 00
1505778079.210287,can1 18E00028 [8] 00 00 00 00 00 00 00 00
1505778079.211037,can1 18E00031 [8] 00 00 00 00 00 00 00 00
1505778079.211809,can1 18FEF017 [8] 00 00 00 00 00 00 00 00
1505778079.212497,can1 18FEF021 [8] 00 00 00 00 00 00 00 00
1505778079.213148,can1 18FEF028 [8] 00 00 00 00 00 00 00 00
1505778079.216868,can1 18FEF031 [8] 00 00 00 00 00 00 00 00
1505778079.217706,can1 18F0010B [8] CF FF F0 FF FF DC FF FF
1505778079.218414,can1 0CFE6E0B [8] 00 00 00 00 00 00 00 00
1505778079.219071,can1 18FEBF0B [8] 00 00 7D 7D FE FE FF FF
1505778079.236252,can1 0CFE6E0B [8] 00 00 00 00 00 00 00 00
1505778079.253911,can1 0CFE6E0B [8] 00 00 00 00 00 00 00 00
1505778079.273915,can1 0CFE6E0B [8] 00 00 00 00 00 00 00 00
1505778079.294091,can1 0CFE6E0B [8] 00 00 00 00 00 00 00 00
1505778079.295316,can1 18F00131 [8] 00 00 00 00 00 00 00 00
1505778079.30021,can1 18F0010B [8] 00 00 00 00 00 00 00 00
1505778079.301127,can1 18FEF117 [8] 00 00 00 00 00 00 00 00
1505778079.301983,can1 18FEF128 [8] 00 00 00 00 00 00 00 00
1505778079.302828,can1 18FEF121 [8] 00 00 00 00 00 00 00 00
1505778079.31018,can1 18FEF131 [8] 00 00 00 00 00 00 00 00
1505778079.311024,can1 18E00017 [8] 00 00 00 00 00 00 00 00
1505778079.311836,can1 18E00019 [8] 00 00 00 00 00 00 00 00
1505778079.31251,can1 18E00021 [8] 00 00 00 00 00 00 00 00
1505778079.313148,can1 18E00028 [8] 00 00 00 00 00 00 00 00
1505778079.32202,can1 18E00031 [8] 00 00 00 00 00 00 00 00
1505778079.322748,can1 18FEF017 [8] 00 00 00 00 00 00 00 00
1505778079.329245,can1 18FEF021 [8] 00 00 00 00 00 00 00 00
1505778079.330184,can1 18FEF028 [8] 00 00 00 00 00 00 00 00
1505778079.331004,can1 18FEF031 [8] 00 00 00 00 00 00 00 00
1505778079.331724,can1 18FEF521 [8] 00 00 00 00 00 00 00 00
1505778079.332394,can1 18F0010B [8] CF FF F0 FF FF DC FF FF
1505778079.333133,can1 0CFE6E0B [8] 00 00 00 00 00 00 00 00
1505778079.336882,can1 18FEBF0B [8] 00 00 7D 7D FE FE FF FF
1505778079.337638,can1 0CFE6E0B [8] 00 00 00 00 00 00 00 00
1505778079.353845,can1 0CFE6E0B [8] 00 00 00 00 00 00 00 00
1505778079.373867,can1 0CFE6E0B [8] 00 00 00 00 00 00 00 00
1505778079.393852,can1 0CFE6E0B [8] 00 00 00 00 00 00 00 00
1505778079.394978,can1 18F00131 [8] 00 00 00 00 00 00 00 00
1505778079.396011,can1 18F0010B [8] 00 00 00 00 00 00 00 00
1505778079.396781,can1 18FEF117 [8] 00 00 00 00 00 00 00 00
1505778079.402544,can1 18FEF128 [8] 00 00 00 00 00 00 00 00
1505778079.403678,can1 18FEF121 [8] 00 00 00 00 00 00 00 00
1505778079.404501,can1 18FEF131 [8] 00 00 00 00 00 00 00 00
1505778079.405539,can1 18E00017 [8] 00 00 00 00 00 00 00 00
1505778079.410484,can1 18E00019 [8] 00 00 00 00 00 00 00 00
1505778079.41139,can1 18E00021 [8] 00 00 00 00 00 00 00 00
1505778079.412084,can1 18E00028 [8] 00 00 00 00 00 00 00 00
1505778079.412728,can1 18E00031 [8] 00 00 00 00 00 00 00 00
1505778079.416469,can1 18FEF017 [8] 00 00 00 00 00 00 00 00
1505778079.417463,can1 18FEF021 [8] 00 00 00 00 00 00 00 00
1505778079.418172,can1 18FEF028 [8] 00 00 00 00 00 00 00 00
1505778079.418913,can1 18FEF031 [8] 00 00 00 00 00 00 00 00
1505778079.419584,can1 18F0010B [8] CF FF F0 FF FF DC FF FF
1505778079.420249,can1 0CFE6E0B [8] 00 00 00 00 00 00 00 00
1505778079.420963,can1 18FEBF0B [8] 00 00 7D 7D FE FE FF FF
1505778079.436384,can1 0CFE6E0B [8] 00 00 00 00 00 00 00 00
1505778079.453894,can1 0CFE6E0B [8] 00 00 00 00 00 00 00 00
1505778079.473811,can1 0CFE6E0B [8] 00 00 00 00 00 00 00 00
1505778079.493844,can1 0CFE6E0B [8] 00 00 00 00 00 00 00 00
1505778079.495023,can1 18F00131 [8] 00 00 00 00 00 00 00 00
1505778079.495965,can1 18F0010B [8] 00 00 00 00 00 00 00 00
1505778079.496737,can1 18FEF117 [8] 00 00 00 00 00 00 00 00
1505778079.501427,can1 18FEF128 [8] 00 00 00 00 00 00 00 00
1505778079.5023,can1 18FEF121 [8] 00 00 00 00 00 00 00 00
1505778079.503059,can1 18FEF131 [8] 00 00 00 00 00 00 00 00
1505778079.503854,can1 18E00017 [8] 00 00 00 00 00 00 00 00
1505778079.507285,can1 18E00019 [8] 00 00 00 00 00 00 00 00
1505778079.508073,can1 18E00021 [8] 00 00 00 00 00 00 00 00
1505778079.509007,can1 18E00028 [8] 00 00 00 00 00 00 00 00
1505778079.509716,can1 18E00031 [8] 00 00 00 00 00 00 00 00
1505778079.510364,can1 18FEF017 [8] 00 00 00 00 00 00 00 00
1505778079.511114,can1 18FEF021 [8] 00 00 00 00 00 00 00 00
1505778079.511759,can1 18FEF028 [8] 00 00 00 00 00 00 00 00
1505778079.512447,can1 18FEF031 [8] 00 00 00 00 00 00 00 00
1505778079.513101,can1 18F0010B [8] CF FF F0 FF FF DC FF FF
1505778079.516656,can1 0CFE6E0B [8] 00 00 00 00 00 00 00 00
1505778079.517507,can1 18FEBF0B [8] 00 00 7D 7D FE FE FF FF
1505778079.53382,can1 0CFE6E0B [8] 00 00 00 00 00 00 00 00
1505778079.553835,can1 0CFE6E0B [8] 00 00 00 00 00 00 00 00
1505778079.573833,can1 0CFE6E0B [8] 00 00 00 00 00 00 00 00
1505778079.593839,can1 0CFE6E0B [8] 00 00 00 00 00 00 00 00
1505778079.594997,can1 18F00131 [8] 00 00 00 00 00 00 00 00
1505778079.595937,can1 18F0010B [8] 00 00 00 00 00 00 00 00
1505778079.596779,can1 18FEF117 [8] 00 00 00 00 00 00 00 00
1505778079.597621,can1 18FEF128 [8] 00 00 00 00 00 00 00 00
1505778079.602078,can1 18FEF121 [8] 00 00 00 00 00 00 00 00
1505778079.603027,can1 18FEF131 [8] 00 00 00 00 00 00 00 00
1505778079.603859,can1 18E00017 [8] 00 00 00 00 00 00 00 00
1505778079.6048,can1 18E00019 [8] 00 00 00 00 00 00 00 00
1505778079.605482,can1 18E00021 [8] 00 00 00 00 00 00 00 00
1505778079.608668,can1 18E00028 [8] 00 00 00 00 00 00 00 00
1505778079.609461,can1 18E00031 [8] 00 00 00 00 00 00 00 00
1505778079.61023,can1 18FEF017 [8] 00 00 00 00 00 00 00 00
1505778079.610913,can1 18FEF021 [8] 00 00 00 00 00 00 00 00
1505778079.611564,can1 18FEF028 [8] 00 00 00 00 00 00 00 00
1505778079.612283,can1 18FEF031 [8] 00 00 00 00 00 00 00 00
1505778079.61294,can1 18F0010B [8] CF FF F0 FF FF DC FF FF
1505778079.616424,can1 0CFE6E0B [8] 00 00 00 00 00 00 00 00
1505778079.617508,can1 18FEBF0B [8] 00 00 7D 7D FE FE FF FF
1505778079.633849,can1 0CFE6E0B [8] 00 00 00 00 00 00 00 00
1505778079.65384,can1 0CFE6E0B [8] 00 00 00 00 00 00 00 00
1505778079.673843,can1 0CFE6E0B [8] 00 00 00 00 00 00 00 00
1505778079.693833,can1 0CFE6E0B [8] 00 00 00 00 00 00 00 00
1505778079.695109,can1 18F00131 [8] 00 00 00 00 00 00 00 00
1505778079.696135,can1 18F0010B [8] 00 00 00 00 00 00 00 00
1505778079.696995,can1 18FEF117 [8] 00 00 00 00 00 00 00 00
1505778079.697746,can1 18FEF128 [8] 00 00 00 00 00 00 00 00
1505778079.70241,can1 18FEF121 [8] 00 00 00 00 00 00 00 00
1505778079.703149,can1 18FEF131 [8] 00 00 00 00 00 00 00 00
1505778079.704111,can1 18E00017 [8] 00 00 00 00 00 00 00 00
1505778079.704888,can1 18E00019 [8] 00 00 00 00 00 00 00 00
1505778079.705544,can1 18E00021 [8] 00 00 00 00 00 00 00 00
1505778079.708873,can1 18E00028 [8] 00 00 00 00 00 00 00 00
1505778079.709597,can1 18E00031 [8] 00 00 00 00 00 00 00 00
1505778079.710379,can1 18FEF017 [8] 00 00 00 00 00 00 00 00
1505778079.711039,can1 18FEF021 [8] 00 00 00 00 00 00 00 00
1505778079.711744,can1 18FEF028 [8] 00 00 00 00 00 00 00 00
1505778079.712409,can1 18FEF031 [8] 00 00 00 00 00 00 00 00
1505778079.713041,can1 18F0010B [8] CF FF F0 FF FF DC FF FF
1505778079.716521,can1 0CFE6E0B [8] 00 00 00 00 00 00 00 00
1505778079.717703,can1 18FEBF0B [8] 00 00 7D 7D FE FE FF FF
1505778079.733841,can1 0CFE6E0B [8] 00 00 00 00 00 00 00 00
1505778079.753945,can1 0CFE6E0B [8] 00 00 00 00 00 00 00 00
1505778079.773946,can1 0CFE6E0B [8] 00 00 00 00 00 00 00 00
1505778079.794105,can1 0CFE6E0B [8] 00 00 00 00 00 00 00 00
1505778079.795338,can1 18F00131 [8] 00 00 00 00 00 00 00 00
1505778079.800201,can1 18F0010B [8] 00 00 00 00 00 00 00 00
1505778079.801139,can1 18FEF117 [8] 00 00 00 00 00 00 00 00
1505778079.801993,can1 18FEF128 [8] 00 00 00 00 00 00 00 00
1505778079.407814,can0 08FF0001 [8] 00 00 00 00 00 00 00 00
1505778079.408722,can0 0CF00203 [8] 00 00 00 00 00 00 00 00
1505778079.409577,can0 08FF0303 [8] 00 00 00 00 00 00 00 00
1505778079.413834,can0 08FF0001 [8] 00 00 00 00 00 00 00 00
1505778079.41489,can0 0CF00203 [8] 00 00 00 00 00 00 00 00
1505778079.415718,can0 08FF0303 [8] 00 00 00 00 00 00 00 00
1505778079.423881,can0 08FF0001 [8] 00 00 00 00 00 00 00 00
1505778079.42502,can0 0CF00203 [8] 00 00 00 00 00 00 00 00
1505778079.425825,can0 08FF0303 [8] 00 00 00 00 00 00 00 00
1505778079.433803,can0 08FF0001 [8] 00 00 00 00 00 00 00 00
1505778079.434794,can0 0CF00203 [8] 00 00 00 00 00 00 00 00
1505778079.435505,can0 08FF0303 [8] 00 00 00 00 00 00 00 00
1505778079.443808,can0 08FF0001 [8] 00 00 00 00 00 00 00 00
1505778079.444864,can0 0CF00203 [8] 00 00 00 00 00 00 00 00
1505778079.445584,can0 08FF0303 [8] 00 00 00 00 00 00 00 00
1505778079.454959,can0 08FF0001 [8] 00 00 00 00 00 00 00 00
1505778079.455821,can0 0CF00203 [8] 00 00 00 00 00 00 00 00
1505778079.456559,can0 08FF0303 [8] 00 00 00 00 00 00 00 00
1505778079.463794,can0 08FF0001 [8] 00 00 00 00 00 00 00 00
1505778079.464682,can0 0CF00203 [8] 00 00 00 00 00 00 00 00
1505778079.465365,can0 08FF0303 [8] 00 00 00 00 00 00 00 00
1505778079.474882,can0 08FF0001 [8] 00 00 00 00 00 00 00 00
1505778079.475764,can0 0CF00203 [8] 00 00 00 00 00 00 00 00
1505778079.476468,can0 08FF0303 [8] 00 00 00 00 00 00 00 00
1505778079.483741,can0 08FF0001 [8] 00 00 00 00 00 00 00 00
1505778079.484609,can0 0CF00203 [8] 00 00 00 00 00 00 00 00
1505778079.485391,can0 08FF0303 [8] 00 00 00 00 00 00 00 00
1505778079.497181,can0 08FF0001 [8] 00 00 00 00 00 00 00 00
1505778079.498151,can0 0CF00203 [8] 00 00 00 00 00 00 00 00
1505778079.499015,can0 08FF0303 [8] 00 00 00 00 00 00 00 00
1505778079.499873,can0 18F00503 [8] 00 00 00 00 00 00 00 00
1505778079.504964,can0 08FF0001 [8] 00 00 00 00 00 00 00 00
1505778079.50575,can0 0CF00203 [8] 00 00 00 00 00 00 00 00
1505778079.506445,can0 08FF0303 [8] 00 00 00 00 00 00 00 00
1505778079.513817,can0 08FF0001 [8] 00 00 00 00 00 00 00 00
1505778079.514849,can0 0CF00203 [8] 00 00 00 00 00 00 00 00
1505778079.515564,can0 08FF0303 [8] 00 00 00 00 00 00 00 00
1505778079.523796,can0 08FF0001 [8] 00 00 00 00 00 00 00 00
1505778079.524845,can0 0CF00203 [8] 00 00 00 00 00 00 00 00
1505778079.525554,can0 08FF0303 [8] 00 00 00 00 00 00 00 00
1505778079.534948,can0 08FF0001 [8] 00 00 00 00 00 00 00 00
1505778079.535734,can0 0CF00203 [8] 00 00 00 00 00 00 00 00
1505778079.536535,can0 08FF0303 [8] 00 00 00 00 00 00 00 00
1505778079.543805,can0 08FF0001 [8] 00 00 00 00 00 00 00 00
1505778079.544696,can0 0CF00203 [8] 00 00 00 00 00 00 00 00
1505778079.545383,can0 08FF0303 [8] 00 00 00 00 00 00 00 00
1505778079.55489,can0 08FF0001 [8] 00 00 00 00 00 00 00 00
1505778079.55578,can0 0CF00203 [8] 00 00 00 00 00 00 00 00
1505778079.556492,can0 08FF0303 [8] 00 00 00 00 00 00 00 00
1505778079.563749,can0 08FF0001 [8] 00 00 00 00 00 00 00 00
1505778079.564628,can0 0CF00203 [8] 00 00 00 00 00 00 00 00
1505778079.5654,can0 08FF0303 [8] 00 00 00 00 00 00 00 00
1505778079.574959,can0 08FF0001 [8] 00 00 00 00 00 00 00 00
1505778079.575763,can0 0CF00203 [8] 00 00 00 00 00 00 00 00
1505778079.576453,can0 08FF0303 [8] 00 00 00 00 00 00 00 00
1505778079.583739,can0 08FF0001 [8] 00 00 00 00 00 00 00 00
1505778079.584623,can0 0CF00203 [8] 00 00 00 00 00 00 00 00
1505778079.585396,can0 08FF0303 [8] 00 00 00 00 00 00 00 00
1505778079.59874,can0 08FF0001 [8] 00 00 00 00 00 00 00 00
1505778079.599645,can0 0CF00203 [8] 00 00 00 00 00 00 00 00
1505778079.600601,can0 08FF0303 [8] 00 00 00 00 00 00 00 00
1505778079.601382,can0 18F00503 [8] 00 00 00 00 00 00 00 00
1505778079.606474,can0 08FF0001 [8] 00 00 00 00 00 00 00 00
1505778079.607345,can0 0CF00203 [8] 00 00 00 00 00 00 00 00
1505778079.608042,can0 08FF0303 [8] 00 00 00 00 00 00 00 00
1505778079.613823,can0 08FF0001 [8] 00 00 00 00 00 00 00 00
1505778079.614835,can0 0CF00203 [8] 00 00 00 00 00 00 00 00
1505778079.615544,can0 08FF0303 [8] 00 00 00 00 00 00 00 00
1505778079.623854,can0 08FF0001 [8] 00 00 00 00 00 00 00 00
1505778079.624827,can0 0CF00203 [8] 00 00 00 00 00 00 00 00
1505778079.625531,can0 08FF0303 [8] 00 00 00 00 00 00 00 00
1505778079.634961,can0 08FF0001 [8] 00 00 00 00 00 00 00 00
1505778079.635834,can0 0CF00203 [8] 00 00 00 00 00 00 00 00
1505778079.636553,can0 08FF0303 [8] 00 00 00 00 00 00 00 00
1505778079.643753,can0 08FF0001 [8] 00 00 00 00 00 00 00 00
1505778079.644634,can0 0CF00203 [8] 00 00 00 00 00 00 00 00
1505778079.645408,can0 08FF0303 [8] 00 00 00 00 00 00 00 00
1505778079.654912,can0 08FF0001 [8] 00 00 00 00 00 00 00 00
1505778079.655774,can0 0CF00203 [8] 00 00 00 00 00 00 00 00
1505778079.656465,can0 08FF0303 [8] 00 00 00 00 00 00 00 00
1505778079.663744,can0 08FF0001 [8] 00 00 00 00 00 00 00 00
1505778079.664631,can0 0CF00203 [8] 00 00 00 00 00 00 00 00
1505778079.66541,can0 08FF0303 [8] 00 00 00 00 00 00 00 00
1505778079.674956,can0 08FF0001 [8] 00 00 00 00 00 00 00 00
1505778079.675737,can0 0CF00203 [8] 00 00 00 00 00 00 00 00
1505778079.676422,can0 08FF0303 [8] 00 00 00 00 00 00 00 00
1505778079.683756,can0 08FF0001 [8] 00 00 00 00 00 00 00 00
1505778079.684714,can0 0CF00203 [8] 00 00 00 00 00 00 00 00
1505778079.685408,can0 08FF0303 [8] 00 00 00 00 00 00 00 00
1505778079.698363,can0 08FF0001 [8] 00 00 00 00 00 00 00 00
1505778079.699335,can0 0CF00203 [8] 00 00 00 00 00 00 00 00
1505778079.700211,can0 08FF0303 [8] 00 00 00 00 00 00 00 00
1505778079.701066,can0 18F00503 [8] 00 00 00 00 00 00 00 00
1505778079.706103,can0 08FF0001 [8] 00 00 00 00 00 00 00 00
1505778079.706883,can0 0CF00203 [8] 00 00 00 00 00 00 00 00
1505778079.707677,can0 08FF0303 [8] 00 00 00 00 00 00 00 00
1505778079.71388,can0 08FF0001 [8] 00 00 00 00 00 00 00 00
1505778079.714821,can0 0CF00203 [8] 00 00 00 00 00 00 00 00
1505778079.715597,can0 08FF0303 [8] 00 00 00 00 00 00 00 00
1505778079.723794,can0 08FF0001 [8] 00 00 00 00 00 00 00 00
1505778079.724747,can0 0CF00203 [8] 00 00 00 00 00 00 00 00
1505778079.725544,can0 08FF0303 [8] 00 00 00 00 00 00 00 00
1505778079.734893,can0 08FF0001 [8] 00 00 00 00 00 00 00 00
1505778079.735775,can0 0CF00203 [8] 00 00 00 00 00 00 00 00
1505778079.736464,can0 08FF0303 [8] 00 00 00 00 00 00 00 00
1505778079.743756,can0 08FF0001 [8] 00 00 00 00 00 00 00 00
1505778079.744626,can0 0CF00203 [8] 00 00 00 00 00 00 00 00
1505778079.74897,can0 08FF0303 [8] 00 00 00 00 00 00 00 00
1505778079.755239,can0 08FF0001 [8] 00 00 00 00 00 00 00 00
1505778079.756084,can0 0CF00203 [8] 00 00 00 00 00 00 00 00
1505778079.756897,can0 08FF0303 [8] 00 00 00 00 00 00 00 00
1505778079.763858,can0 08FF0001 [8] 00 00 00 00 00 00 00 00
1505778079.764995,can0 0CF00203 [8] 00 00 00 00 00 00 00 00
1505778079.765736,can0 08FF0303 [8] 00 00 00 00 00 00 00 00
1505778079.775282,can0 08FF0001 [8] 00 00 00 00 00 00 00 00
1505778079.776225,can0 0CF00203 [8] 00 00 00 00 00 00 00 00
1505778079.776972,can0 08FF0303 [8] 00 00 00 00 00 00 00 00
1505778079.783935,can0 08FF0001 [8] 00 00 00 00 00 00 00 00
1505778079.785015,can0 0CF00203 [8] 00 00 00 00 00 00 00 00
1505778079.785749,can0 08FF0303 [8] 00 00 00 00 00 00 00 00
1505778079.796071,can0 08FF0001 [8] 00 00 00 00 00 00 00 00
1505778079.797097,can0 0CF00203 [8] 00 00 00 00 00 00 00 00
1505778079.797991,can0 08FF0303 [8] 00 00 00 00 00 00 00 00
1505778079.798853,can0 18F00503 [8] 00 00 00 00 00 00 00 00
1505778079.807798,can0 08FF0001 [8] 00 00 00 00 00 00 00 00
1505778079.80874,can0 0CF00203 [8] 00 00 00 00 00 00 00 00
1505778079.80959,can0 08FF0303 [8] 00 00 00 00 00 00 00 00
1505778079.815511,can0 08FF0001 [8] 00 00 00 00 00 00 00 00
1505778079.816371,can0 0CF00203 [8] 00 00 00 00 00 00 00 00
1505778079.817142,can0 08FF0303 [8] 00 00 00 00 00 00 00 00
1505778079.823849,can0 08FF0001 [8] 00 00 00 00 00 00 00 00
1505778079.824855,can0 0CF00203 [8] 00 00 00 00 00 00 00 00
1505778079.825691,can0 08FF0303 [8] 00 00 00 00 00 00 00 00
1505778079.83492,can0 08FF0001 [8] 00 00 00 00 00 00 00 00
1505778079.835866,can0 0CF00203 [8] 00 00 00 00 00 00 00 00
1505778079.840204,can0 08FF0303 [8] 00 00 00 00 00 00 00 00
1505778079.843842,can0 08FF0001 [8] 00 00 00 00 00 00 00 00
1505778079.844916,can0 0CF00203 [8] 00 00 00 00 00 00 00 00
1505778079.845786,can0 08FF0303 [8] 00 00 00 00 00 00 00 00
1505778079.85388,can0 08FF0001 [8] 00 00 00 00 00 00 00 00
1505778079.854954,can0 0CF00203 [8] 00 00 00 00 00 00 00 00
1505778079.855672,can0 08FF0303 [8] 00 00 00 00 00 00 00 00
1505778079.86383,can0 08FF0001 [8] 00 00 00 00 00 00 00 00
1505778079.864849,can0 0CF00203 [8] 00 00 00 00 00 00 00 00
1505778079.865566,can0 08FF0303 [8] 00 00 00 00 00 00 00 00
1505778079.874978,can0 08FF0001 [8] 00 00 00 00 00 00 00 00
1505778079.875839,can0 0CF00203 [8] 00 00 00 00 00 00 00 00
1505778079.876564,can0 08FF0303 [8] 00 00 00 00 00 00 00 00
1505778079.883849,can0 08FF0001 [8] 00 00 00 00 00 00 00 00
1505778079.884871,can0 0CF00203 [8] 00 00 00 00 00 00 00 00
1505778079.885692,can0 08FF0303 [8] 00 00 00 00 00 00 00 00
1505778079.897595,can0 08FF0001 [8] 00 00 00 00 00 00 00 00
1505778079.8985,can0 0CF00203 [8] 00 00 00 00 00 00 00 00
1505778079.899456,can0 08FF0303 [8] 00 00 00 00 00 00 00 00
1505778079.900246,can0 18F00503 [8] 00 00 00 00 00 00 00 00
1505778079.90531,can0 08FF0001 [8] 00 00 00 00 00 00 00 00
1505778079.906101,can0 0CF00203 [8] 00 00 00 00 00 00 00 00
1505778079.90679,can0 08FF0303 [8] 00 00 00 00 00 00 00 00
1505778079.913833,can0 08FF0001 [8] 00 00 00 00 00 00 00 00
1505778079.91485,can0 0CF00203 [8] 00 00 00 00 00 00 00 00
1505778079.915583,can0 08FF0303 [8] 00 00 00 00 00 00 00 00
1505778079.923822,can0 08FF0001 [8] 00 00 00 00 00 00 00 00
1505778079.924993,can0 0CF00203 [8] 00 00 00 00 00 00 00 00
1505778079.92576,can0 08FF0303 [8] 00 00 00 00 00 00 00 00
1505778079.935022,can0 08FF0001 [8] 00 00 00 00 00 00 00 00
1505778079.935805,can0 0CF00203 [8] 00 00 00 00 00 00 00 00
1505778079.936594,can0 08FF0303 [8] 00 00 00 00 00 00 00 00
1505778079.943771,can0 08FF0001 [8] 00 00 00 00 00 00 00 00
1505778079.94473,can0 0CF00203 [8] 00 00 00 00 00 00 00 00
1505778079.945429,can0 08FF0303 [8] 00 00 00 00 00 00 00 00
1505778079.955001,can0 08FF0001 [8] 00 00 00 00 00 00 00 00
1505778079.955875,can0 0CF00203 [8] 00 00 00 00 00 00 00 00
1505778079.956614,can0 08FF0303 [8] 00 00 00 00 00 00 00 00
1505778079.963812,can0 08FF0001 [8] 00 00 00 00 00 00 00 00
1505778079.964721,can0 0CF00203 [8] 00 00 00 00 00 00 00 00
1505778079.965405,can0 08FF0303 [8] 00 00 00 00 00 00 00 00
1505778079.974967,can0 08FF0001 [8] 00 00 00 00 00 00 00 00
1505778079.975866,can0 0CF00203 [8] 00 00 00 00 00 00 00 00
1505778079.976568,can0 08FF0303 [8] 00 00 00 00 00 00 00 00
1505778079.983787,can0 08FF0001 [8] 00 00 00 00 00 00 00 00
1505778079.984659,can0 0CF00203 [8] 00 00 00 00 00 00 00 00
1505778079.985446,can0 08FF0303 [8] 00 00 00 00 00 00 00 00
1505778079.997192,can0 08FF0001 [8] 00 00 00 00 00 00 00 00
1505778079.998161,can0 0CF00203 [8] 00 00 00 00 00 00 00 00
1505778079.999029,can0 08FF0303 [8] 00 00 00 00 00 00 00 00
1505778079.999808,can0 18F00503 [8] 00 00 00 00 00 00 00 00
1505778080.004989,can0 08FF0001 [8] 00 00 00 00 00 00 00 00
1505778080.005768,can0 0CF00203 [8] 00 00 00 00 00 00 00 00
1505778080.006455,can0 08FF0303 [8] 00 00 00 00 00 00 00 00
1505778080.01384,can0 08FF0001 [8] 00 00 00 00 00 00 00 00
1505778080.014858,can0 0CF00203 [8] 00 00 00 00 00 00 00 00
1505778080.015573,can0 08FF0303 [8] 00 00 00 00 00 00 00 00
1505778080.023808,can0 08FF0001 [8] 00 00 00 00 00 00 00 00
1505778080.024836,can0 0CF00203 [8] 00 00 00 00 00 00 00 00
1505778080.025553,can0 08FF0303 [8] 00 00 00 00 00 00 00 00
1505778080.034963,can0 08FF0001 [8] 00 00 00 00 00 00 00 00
1505778080.035737,can0 0CF00203 [8] 00 00 00 00 00 00 00 00
1505778080.036535,can0 08FF0303 [8] 00 00 00 00 00 00 00 00
1505778080.043821,can0 08FF0001 [8] 00 00 00 00 00 00 00 00
1505778080.04471,can0 0CF00203 [8] 00 00 00 00 00 00 00 00
1505778080.045403,can0 08FF0303 [8] 00 00 00 00 00 00 00 00
1505778080.054928,can0 08FF0001 [8] 00 00 00 00 00 00 00 00
1505778080.055801,can0 0CF00203 [8] 00 00 00 00 00 00 00 00
1505778080.056505,can0 08FF0303 [8] 00 00 00 00 00 00 00 00
1505778080.06377,can0 08FF0001 [8] 00 00 00 00 00 00 00 00
1505778080.064646,can0 0CF00203 [8] 00 00 00 00 00 00 00 00
1505778080.065412,can0 08FF0303 [8] 00 00 00 00 00 00 00 00
1505778080.074992,can0 08FF0001 [8] 00 00 00 00 00 00 00 00
1505778080.075799,can0 0CF00203 [8] 00 00 00 00 00 00 00 00
1505778080.076484,can0 08FF0303 [8] 00 00 00 00 00 00 00 00
1505778080.08378,can0 08FF0001 [8] 00 00 00 00 00 00 00 00
1505778080.08471,can0 0CF00203 [8] 00 00 00 00 00 00 00 00
1505778080.085435,can0 08FF0303 [8] 00 00 00 00 00 00 00 00
1505778080.098736,can0 08FF0001 [8] 00 00 00 00 00 00 00 00
1505778080.099636,can0 0CF00203 [8] 00 00 00 00 00 00 00 00
1505778080.100581,can0 08FF0303 [8] 00 00 00 00 00 00 00 00
1505778080.101358,can0 18F00503 [8] 00 00 00 00 00 00 00 00
1505778080.106505,can0 08FF0001 [8] 00 00 00 00 00 00 00 00
1505778080.107291,can0 0CF00203 [8] 00 00 00 00 00 00 00 00
1505778080.108152,can0 08FF0303 [8] 00 00 00 00 00 00 00 00
1505778080.113849,can0 08FF0001 [8] 00 00 00 00 00 00 00 00
1505778080.114982,can0 0CF00203 [8] 00 00 00 00 00 00 00 00
1505778080.115695,can0 08FF0303 [8] 00 00 00 00 00 00 00 00
1505778080.123918,can0 08FF0001 [8] 00 00 00 00 00 00 00 00
1505778080.124927,can0 0CF00203 [8] 00 00 00 00 00 00 00 00
1505778080.125648,can0 08FF0303 [8] 00 00 00 00 00 00 00 00
1505778080.134967,can0 08FF0001 [8] 00 00 00 00 00 00 00 00
1505778080.135841,can0 0CF00203 [8] 00 00 00 00 00 00 00 00
1505778080.136543,can0 08FF0303 [8] 00 00 00 00 00 00 00 00
1505778080.143783,can0 08FF0001 [8] 00 00 00 00 00 00 00 00
1505778080.144648,can0 0CF00203 [8] 00 00 00 00 00 00 00 00
1505778080.145412,can0 08FF0303 [8] 00 00 00 00 00 00 00 00
1505778080.154941,can0 08FF0001 [8] 00 00 00 00 00 00 00 00
1505778080.156204,can0 0CF00203 [8] 00 00 00 00 00 00 00 00
1505778080.157004,can0 08FF0303 [8] 00 00 00 00 00 00 00 00
1505778080.164095,can0 08FF0001 [8] 00 00 00 00 00 00 00 00
1505778080.165402,can0 0CF00203 [8] 00 00 00 00 00 00 00 00
1505778080.166179,can0 08FF0303 [8] 00 00 00 00 00 00 00 00
1505778080.175724,can0 08FF0001 [8] 00 00 00 00 00 00 00 00
1505778080.176829,can0 0CF00203 [8] 00 00 00 00 00 00 00 00
1505778080.177616,can0 08FF0303 [8] 00 00 00 00 00 00 00 00
1505778080.184085,can0 08FF0001 [8] 00 00 00 00 00 00 00 00
1505778080.185329,can0 0CF00203 [8] 00 00 00 00 00 00 00 00
1505778080.186081,can0 08FF0303 [8] 00 00 00 00 00 00 00 00
1505778080.200273,can0 08FF0001 [8] 00 00 00 00 00 00 00 00
1505778080.201283,can0 0CF00203 [8] 00 00 00 00 00 00 00 00
1505778080.202247,can0 08FF0303 [8] 00 00 00 00 00 00 00 00
1505778080.202961,can0 18F00503 [8] 00 00 00 00 00 00 00 00
1505778080.203717,can0 08FF0001 [8] 00 00 00 00 00 00 00 00
1505778080.208621,can0 0CF00203 [8] 00 00 00 00 00 00 00 00
1505778080.209337,can0 08FF0303 [8] 00 00 00 00 00 00 00 00
1505778080.213906,can0 08FF0001 [8] 00 00 00 00 00 00 00 00
1505778080.21487,can0 0CF00203 [8] 00 00 00 00 00 00 00 00
1505778080.215658,can0 08FF0303 [8] 00 00 00 00 00 00 00 00
1505778080.223832,can0 08FF0001 [8] 00 00 00 00 00 00 00 00
1505778080.224791,can0 0CF00203 [8] 00 00 00 00 00 00 00 00
1505778080.225732,can0 08FF0303 [8] 00 00 00 00 00 00 00 00
1505778080.233839,can0 08FF0001 [8] 00 00 00 00 00 00 00 00
1505778080.234748,can0 0CF00203 [8] 00 00 00 00 00 00 00 00
1505778080.235529,can0 08FF0303 [8] 00 00 00 00 00 00 00 00
1505778080.243826,can0 08FF0001 [8] 00 00 00 00 00 00 00 00
1505778080.248812,can0 0CF00203 [8] 00 00 00 00 00 00 00 00
1505778080.249828,can0 08FF0303 [8] 00 00 00 00 00 00 00 00
1505778080.255255,can0 08FF0001 [8] 00 00 00 00 00 00 00 00
1505778080.256091,can0 0CF00203 [8] 00 00 00 00 00 00 00 00
1505778080.256898,can0 08FF0303 [8] 00 00 00 00 00 00 00 00
1505778080.263887,can0 08FF0001 [8] 00 00 00 00 00 00 00 00
1505778080.265019,can0 0CF00203 [8] 00 00 00 00 00 00 00 00
1505778080.26576,can0 08FF0303 [8] 00 00 00 00 00 00 00 00
1505778080.275289,can0 08FF0001 [8] 00 00 00 00 00 00 00 00
1505778079.810174,can1 18FEF121 [8] 00 00 00 00 00 00 00 00
1505778079.811074,can1 18FEF131 [8] 00 00 00 00 00 00 00 00
1505778079.811931,can1 18E00017 [8] 00 00 00 00 00 00 00 00
1505778079.812612,can1 18E00019 [8] 00 00 00 00 00 00 00 00
1505778079.821241,can1 18E00021 [8] 00 00 00 00 00 00 00 00
1505778079.822249,can1 18E00028 [8] 00 00 00 00 00 00 00 00
1505778079.823158,can1 18E00031 [8] 00 00 00 00 00 00 00 00
1505778079.826819,can1 18FEF017 [8] 00 00 00 00 00 00 00 00
1505778079.827733,can1 18FEF021 [8] 00 00 00 00 00 00 00 00
1505778079.841876,can1 18FEF028 [8] 00 00 00 00 00 00 00 00
1505778079.842754,can1 18FEF031 [8] 00 00 00 00 00 00 00 00
1505778079.846548,can1 18F0010B [8] CF FF F0 FF FF DC FF FF
1505778079.847376,can1 0CFE6E0B [8] 00 00 00 00 00 00 00 00
1505778079.848076,can1 18FEBF0B [8] 00 00 7D 7D FE FE FF FF
1505778079.848838,can1 18ECFFFA [8] 20 1C 00 04 FF EB FE 00
1505778079.849514,can1 18EBFFFA [8] 01 53 59 4E 45 52 2A 53
1505778079.850161,can1 18EBFFFA [8] 02 53 53 32 2D 30 32 2A
1505778079.850901,can1 18EBFFFA [8] 03 58 58 58 58 2A 55 4E
1505778079.851549,can1 18EBFFFA [8] 04 49 56 45 52 53 41 4C
1505778079.852182,can1 0CFE6E0B [8] 00 00 00 00 00 00 00 00
1505778079.856534,can1 0CFE6E0B [8] 00 00 00 00 00 00 00 00
1505778079.873909,can1 0CFE6E0B [8] 00 00 00 00 00 00 00 00
1505778079.893891,can1 0CFE6E0B [8] 00 00 00 00 00 00 00 00
1505778079.895006,can1 18F00131 [8] 00 00 00 00 00 00 00 00
1505778079.896046,can1 18F0010B [8] 00 00 00 00 00 00 00 00
1505778079.896827,can1 18FEF117 [8] 00 00 00 00 00 00 00 00
1505778079.901645,can1 18FEF128 [8] 00 00 00 00 00 00 00 00
1505778079.902495,can1 18FEF121 [8] 00 00 00 00 00 00 00 00
1505778079.903266,can1 18FEF131 [8] 00 00 00 00 00 00 00 00
1505778079.904175,can1 18E00017 [8] 00 00 00 00 00 00 00 00
1505778079.904921,can1 18E00019 [8] 00 00 00 00 00 00 00 00
1505778079.908281,can1 18E00021 [8] 00 00 00 00 00 00 00 00
1505778079.909063,can1 18E00028 [8] 00 00 00 00 00 00 00 00
1505778079.909751,can1 18E00031 [8] 00 00 00 00 00 00 00 00
1505778079.910397,can1 18FEF017 [8] 00 00 00 00 00 00 00 00
1505778079.911115,can1 18FEF021 [8] 00 00 00 00 00 00 00 00
1505778079.911773,can1 18FEF028 [8] 00 00 00 00 00 00 00 00
1505778079.912406,can1 18FEF031 [8] 00 00 00 00 00 00 00 00
1505778079.913107,can1 18F0010B [8] CF FF F0 FF FF DC FF FF
1505778079.916591,can1 0CFE6E0B [8] 00 00 00 00 00 00 00 00
1505778079.917897,can1 18FEBF0B [8] 00 18 FA FA FE FE FF FF
1505778079.933871,can1 0CFE6E0B [8] 00 00 00 00 00 00 00 00
1505778079.95392,can1 0CFE6E0B [8] 00 00 00 00 00 00 00 00
1505778079.973861,can1 0CFE6E0B [8] 00 00 00 00 00 00 00 00
1505778079.993861,can1 0CFE6E0B [8] 00 00 00 00 00 00 00 00
1505778079.995053,can1 18F00131 [8] 00 00 00 00 00 00 00 00
1505778079.996016,can1 18F0010B [8] 00 00 00 00 00 00 00 00
1505778080.000575,can1 18FEF117 [8] 00 00 00 00 00 00 00 00
1505778080.001543,can1 18FEF128 [8] 00 00 00 00 00 00 00 00
1505778080.00241,can1 18FEF121 [8] 00 00 00 00 00 00 00 00
1505778080.003185,can1 18FEF131 [8] 00 00 00 00 00 00 00 00
1505778080.00407,can1 18E00017 [8] 00 00 00 00 00 00 00 00
1505778080.0073,can1 18E00019 [8] 00 00 00 00 00 00 00 00
1505778080.008174,can1 18E00021 [8] 00 00 00 00 00 00 00 00
1505778080.008958,can1 18E00028 [8] 00 00 00 00 00 00 00 00
1505778080.009638,can1 18E00031 [8] 00 00 00 00 00 00 00 00
1505778080.01028,can1 18FEF017 [8] 00 00 00 00 00 00 00 00
1505778080.011006,can1 18FEF021 [8] 00 00 00 00 00 00 00 00
1505778080.011647,can1 18FEF028 [8] 00 00 00 00 00 00 00 00
1505778080.012294,can1 18FEF031 [8] 00 00 00 00 00 00 00 00
1505778080.013013,can1 18F0010B [8] CF FF F0 FF FF DC FF FF
1505778080.016502,can1 0CFE6E0B [8] 00 00 00 00 00 00 00 00
1505778080.018017,can1 18FEBF0B [8] 80 3D FA FA FE FE FF FF
1505778080.033844,can1 0CFE6E0B [8] 00 00 00 00 00 00 00 00
1505778080.053866,can1 0CFE6E0B [8] 00 00 00 00 00 00 00 00
1505778080.073867,can1 0CFE6E0B [8] 00 00 00 00 00 00 00 00
1505778080.093871,can1 0CFE6E0B [8] 00 00 00 00 00 00 00 00
1505778080.095039,can1 18F00131 [8] 00 00 00 00 00 00 00 00
1505778080.095967,can1 18F0010B [8] 00 00 00 00 00 00 00 00
1505778080.096786,can1 18FEF117 [8] 00 00 00 00 00 00 00 00
1505778080.097626,can1 18FEF128 [8] 00 00 00 00 00 00 00 00
1505778080.102056,can1 18FEF121 [8] 00 00 00 00 00 00 00 00
1505778080.103192,can1 18FEF131 [8] 00 00 00 00 00 00 00 00
1505778080.10415,can1 18E00017 [8] 00 00 00 00 00 00 00 00
1505778080.105027,can1 18E00019 [8] 00 00 00 00 00 00 00 00
1505778080.1057,can1 18E00021 [8] 00 00 00 00 00 00 00 00
1505778080.109001,can1 18E00028 [8] 00 00 00 00 00 00 00 00
1505778080.109756,can1 18E00031 [8] 00 00 00 00 00 00 00 00
1505778080.110535,can1 18FEF017 [8] 00 00 00 00 00 00 00 00
1505778080.111202,can1 18FEF021 [8] 00 00 00 00 00 00 00 00
1505778080.111849,can1 18FEF028 [8] 00 00 00 00 00 00 00 00
1505778080.112606,can1 18FEF031 [8] 00 00 00 00 00 00 00 00
1505778080.113251,can1 18F0010B [8] CF FF F0 FF FF DC FF FF
1505778080.117488,can1 0CFE6E0B [8] 00 00 00 00 00 00 00 00
1505778080.118474,can1 18FEBF0B [8] 00 63 FA FA FE FE FF FF
1505778080.133874,can1 0CFE6E0B [8] 00 00 00 00 00 00 00 00
1505778080.153877,can1 0CFE6E0B [8] 00 00 00 00 00 00 00 00
1505778080.174182,can1 0CFE6E0B [8] 00 00 00 00 00 00 00 00
1505778080.194176,can1 0CFE6E0B [8] 00 00 00 00 00 00 00 00
1505778080.195503,can1 18F00131 [8] 00 00 00 00 00 00 00 00
1505778080.196616,can1 18F0010B [8] 00 00 00 00 00 00 00 00
1505778080.197441,can1 18FEF117 [8] 00 00 00 00 00 00 00 00
1505778080.198378,can1 18FEF128 [8] 00 00 00 00 00 00 00 00
1505778080.199147,can1 18FEF121 [8] 00 00 00 00 00 00 00 00
1505778080.204055,can1 18FEF131 [8] 00 00 00 00 00 00 00 00
1505778080.204945,can1 18E00017 [8] 00 00 00 00 00 00 00 00
1505778080.205643,can1 18E00019 [8] 00 00 00 00 00 00 00 00
1505778080.206406,can1 18E00021 [8] 00 00 00 00 00 00 00 00
1505778080.207056,can1 18E00028 [8] 00 00 00 00 00 00 00 00
1505778080.209939,can1 18E00031 [8] 00 00 00 00 00 00 00 00
1505778080.210739,can1 18FEF017 [8] 00 00 00 00 00 00 00 00
1505778080.211423,can1 18FEF021 [8] 00 00 00 00 00 00 00 00
1505778080.212186,can1 18FEF028 [8] 00 00 00 00 00 00 00 00
1505778080.212844,can1 18FEF031 [8] 00 00 00 00 00 00 00 00
1505778080.216328,can1 18F0010B [8] CF FF F0 FF FF DC FF FF
1505778080.217104,can1 0CFE6E0B [8] 00 00 00 00 00 00 00 00
1505778080.218274,can1 18FEBF0B [8] C0 6B 7D 7D FE FE FF FF
1505778080.236331,can1 0CFE6E0B [8] 00 00 00 00 00 00 00 00
1505778080.253958,can1 0CFE6E0B [8] 00 00 00 00 00 00 00 00
1505778080.27397,can1 0CFE6E0B [8] 00 00 00 00 00 00 00 00
1505778080.294133,can1 0CFE6E0B [8] 00 00 00 00 00 00 00 00
1505778080.295354,can1 18F00131 [8] 00 00 00 00 00 00 00 00
1505778080.300292,can1 18F0010B [8] 00 00 00 00 00 00 00 00
1505778080.301226,can1 18FEF117 [8] 00 00 00 00 00 00 00 00
1505778080.302103,can1 18FEF128 [8] 00 00 00 00 00 00 00 00
1505778080.302945,can1 18FEF121 [8] 00 00 00 00 00 00 00 00
1505778080.310461,can1 18FEF131 [8] 00 00 00 00 00 00 00 00
1505778080.31136,can1 18E00017 [8] 00 00 00 00 00 00 00 00
1505778080.312089,can1 18E00019 [8] 00 00 00 00 00 00 00 00
1505778080.312752,can1 18E00021 [8] 00 00 00 00 00 00 00 00
1505778080.321432,can1 18E00028 [8] 00 00 00 00 00 00 00 00
1505778080.322307,can1 18E00031 [8] 00 00 00 00 00 00 00 00
1505778080.323101,can1 18FEF017 [8] 00 00 00 00 00 00 00 00
1505778080.32667,can1 18FEF021 [8] 00 00 00 00 00 00 00 00
1505778080.327529,can1 18FEF028 [8] 00 00 00 00 00 00 00 00
1505778080.32821,can1 18FEF031 [8] 00 00 00 00 00 00 00 00
1505778080.328937,can1 18FEF521 [8] 00 00 00 00 00 00 00 00
1505778080.329614,can1 18F0010B [8] CF FF F0 FF FF DC FF FF
1505778080.330263,can1 0CFE6E0B [8] 00 00 00 00 00 00 00 00
1505778080.337444,can1 18FEBF0B [8] C0 6B 7D 7D FE FE FF FF
1505778080.338361,can1 0CFE6E0B [8] 00 00 00 00 00 00 00 00
1505778080.356374,can1 0CFE6E0B [8] 00 00 00 00 00 00 00 00
1505778080.373937,can1 0CFE6E0B [8] 00 00 00 00 00 00 00 00
1505778080.393919,can1 0CFE6E0B [8] 00 00 00 00 00 00 00 00
1505778080.395049,can1 18F00131 [8] 00 00 00 00 00 00 00 00
1505778080.276826,can0 0CF00203 [8] 00 00 00 00 00 00 00 00
1505778080.277662,can0 08FF0303 [8] 00 00 00 00 00 00 00 00
1505778080.283939,can0 08FF0001 [8] 00 00 00 00 00 00 00 00
1505778080.284975,can0 0CF00203 [8] 00 00 00 00 00 00 00 00
1505778080.285696,can0 08FF0303 [8] 00 00 00 00 00 00 00 00
1505778080.296072,can0 08FF0001 [8] 00 00 00 00 00 00 00 00
1505778080.29718,can0 0CF00203 [8] 00 00 00 00 00 00 00 00
1505778080.298207,can0 08FF0303 [8] 00 00 00 00 00 00 00 00
1505778080.299008,can0 18F00503 [8] 00 00 00 00 00 00 00 00
1505778080.307812,can0 08FF0001 [8] 00 00 00 00 00 00 00 00
1505778080.308788,can0 0CF00203 [8] 00 00 00 00 00 00 00 00
1505778080.309604,can0 08FF0303 [8] 00 00 00 00 00 00 00 00
1505778080.315523,can0 08FF0001 [8] 00 00 00 00 00 00 00 00
1505778080.316397,can0 0CF00203 [8] 00 00 00 00 00 00 00 00
1505778080.317202,can0 08FF0303 [8] 00 00 00 00 00 00 00 00
1505778080.323857,can0 08FF0001 [8] 00 00 00 00 00 00 00 00
1505778080.324837,can0 0CF00203 [8] 00 00 00 00 00 00 00 00
1505778080.325677,can0 08FF0303 [8] 00 00 00 00 00 00 00 00
1505778080.333936,can0 08FF0001 [8] 00 00 00 00 00 00 00 00
1505778080.33509,can0 0CF00203 [8] 00 00 00 00 00 00 00 00
1505778080.335849,can0 08FF0303 [8] 00 00 00 00 00 00 00 00
1505778080.343917,can0 08FF0001 [8] 00 00 00 00 00 00 00 00
1505778080.345021,can0 0CF00203 [8] 00 00 00 00 00 00 00 00
1505778080.345761,can0 08FF0303 [8] 00 00 00 00 00 00 00 00
1505778080.353834,can0 08FF0001 [8] 00 00 00 00 00 00 00 00
1505778080.354798,can0 0CF00203 [8] 00 00 00 00 00 00 00 00
1505778080.355508,can0 08FF0303 [8] 00 00 00 00 00 00 00 00
1505778080.363844,can0 08FF0001 [8] 00 00 00 00 00 00 00 00
1505778080.36489,can0 0CF00203 [8] 00 00 00 00 00 00 00 00
1505778080.3656,can0 08FF0303 [8] 00 00 00 00 00 00 00 00
1505778080.375047,can0 08FF0001 [8] 00 00 00 00 00 00 00 00
1505778080.375929,can0 0CF00203 [8] 00 00 00 00 00 00 00 00
1505778080.376647,can0 08FF0303 [8] 00 00 00 00 00 00 00 00
1505778080.383869,can0 08FF0001 [8] 00 00 00 00 00 00 00 00
1505778080.384895,can0 0CF00203 [8] 00 00 00 00 00 00 00 00
1505778080.385707,can0 08FF0303 [8] 00 00 00 00 00 00 00 00
1505778080.397658,can0 08FF0001 [8] 00 00 00 00 00 00 00 00
1505778080.398623,can0 0CF00203 [8] 00 00 00 00 00 00 00 00
1505778080.399613,can0 08FF0303 [8] 00 00 00 00 00 00 00 00
1505778080.40039,can0 18F00503 [8] 00 00 00 00 00 00 00 00
1505778080.405323,can0 08FF0001 [8] 00 00 00 00 00 00 00 00
1505778080.406118,can0 0CF00203 [8] 00 00 00 00 00 00 00 00
1505778080.406808,can0 08FF0303 [8] 00 00 00 00 00 00 00 00
1505778080.413841,can0 08FF0001 [8] 00 00 00 00 00 00 00 00
1505778080.417279,can0 0CF00203 [8] 00 00 00 00 00 00 00 00
1505778080.418378,can0 08FF0303 [8] 00 00 00 00 00 00 00 00
1505778080.423855,can0 08FF0001 [8] 00 00 00 00 00 00 00 00
1505778080.424927,can0 0CF00203 [8] 00 00 00 00 00 00 00 00
1505778080.425654,can0 08FF0303 [8] 00 00 00 00 00 00 00 00
1505778080.433838,can0 08FF0001 [8] 00 00 00 00 00 00 00 00
1505778080.434804,can0 0CF00203 [8] 00 00 00 00 00 00 00 00
1505778080.435507,can0 08FF0303 [8] 00 00 00 00 00 00 00 00
1505778080.443852,can0 08FF0001 [8] 00 00 00 00 00 00 00 00
1505778080.444887,can0 0CF00203 [8] 00 00 00 00 00 00 00 00
1505778080.445605,can0 08FF0303 [8] 00 00 00 00 00 00 00 00
1505778080.455027,can0 08FF0001 [8] 00 00 00 00 00 00 00 00
1505778080.455881,can0 0CF00203 [8] 00 00 00 00 00 00 00 00
1505778080.456594,can0 08FF0303 [8] 00 00 00 00 00 00 00 00
1505778080.463833,can0 08FF0001 [8] 00 00 00 00 00 00 00 00
1505778080.464737,can0 0CF00203 [8] 00 00 00 00 00 00 00 00
1505778080.465434,can0 08FF0303 [8] 00 00 00 00 00 00 00 00
1505778080.474962,can0 08FF0001 [8] 00 00 00 00 00 00 00 00
1505778080.475839,can0 0CF00203 [8] 00 00 00 00 00 00 00 00
1505778080.476548,can0 08FF0303 [8] 00 00 00 00 00 00 00 00
1505778080.483794,can0 08FF0001 [8] 00 00 00 00 00 00 00 00
1505778080.484691,can0 0CF00203 [8] 00 00 00 00 00 00 00 00
1505778080.485474,can0 08FF0303 [8] 00 00 00 00 00 00 00 00
1505778080.49717,can0 08FF0001 [8] 00 00 00 00 00 00 00 00
1505778080.498063,can0 0CF00203 [8] 00 00 00 00 00 00 00 00
1505778080.498996,can0 08FF0303 [8] 00 00 00 00 00 00 00 00
1505778080.499777,can0 18F00503 [8] 00 00 00 00 00 00 00 00
1505778080.505012,can0 08FF0001 [8] 00 00 00 00 00 00 00 00
1505778080.50582,can0 0CF00203 [8] 00 00 00 00 00 00 00 00
1505778080.506589,can0 08FF0303 [8] 00 00 00 00 00 00 00 00
1505778080.513872,can0 08FF0001 [8] 00 00 00 00 00 00 00 00
1505778080.514907,can0 0CF00203 [8] 00 00 00 00 00 00 00 00
1505778080.515635,can0 08FF0303 [8] 00 00 00 00 00 00 00 00
1505778080.523841,can0 08FF0001 [8] 00 00 00 00 00 00 00 00
1505778080.524872,can0 0CF00203 [8] 00 00 00 00 00 00 00 00
1505778080.525575,can0 08FF0303 [8] 00 00 00 00 00 00 00 00
1505778080.535028,can0 08FF0001 [8] 00 00 00 00 00 00 00 00
1505778080.535889,can0 0CF00203 [8] 00 00 00 00 00 00 00 00
1505778080.536624,can0 08FF0303 [8] 00 00 00 00 00 00 00 00
1505778080.543848,can0 08FF0001 [8] 00 00 00 00 00 00 00 00
1505778080.544751,can0 0CF00203 [8] 00 00 00 00 00 00 00 00
1505778080.545445,can0 08FF0303 [8] 00 00 00 00 00 00 00 00
1505778080.554969,can0 08FF0001 [8] 00 00 00 00 00 00 00 00
1505778080.555836,can0 0CF00203 [8] 00 00 00 00 00 00 00 00
1505778080.556535,can0 08FF0303 [8] 00 00 00 00 00 00 00 00
1505778080.563792,can0 08FF0001 [8] 00 00 00 00 00 00 00 00
1505778080.564593,can0 0CF00203 [8] 00 00 00 00 00 00 00 00
1505778080.565431,can0 08FF0303 [8] 00 00 00 00 00 00 00 00
1505778080.575023,can0 08FF0001 [8] 00 00 00 00 00 00 00 00
1505778080.575811,can0 0CF00203 [8] 00 00 00 00 00 00 00 00
1505778080.576486,can0 08FF0303 [8] 00 00 00 00 00 00 00 00
1505778080.583794,can0 08FF0001 [8] 00 00 00 00 00 00 00 00
1505778080.584739,can0 0CF00203 [8] 00 00 00 00 00 00 00 00
1505778080.585454,can0 08FF0303 [8] 00 00 00 00 00 00 00 00
1505778080.598755,can0 08FF0001 [8] 00 00 00 00 00 00 00 00
1505778080.599646,can0 0CF00203 [8] 00 00 00 00 00 00 00 00
1505778080.600611,can0 08FF0303 [8] 00 00 00 00 00 00 00 00
1505778080.601391,can0 18F00503 [8] 00 00 00 00 00 00 00 00
1505778080.606477,can0 08FF0001 [8] 00 00 00 00 00 00 00 00
1505778080.607262,can0 0CF00203 [8] 00 00 00 00 00 00 00 00
1505778080.60794,can0 08FF0303 [8] 00 00 00 00 00 00 00 00
1505778080.613878,can0 08FF0001 [8] 00 00 00 00 00 00 00 00
1505778080.614894,can0 0CF00203 [8] 00 00 00 00 00 00 00 00
1505778080.615603,can0 08FF0303 [8] 00 00 00 00 00 00 00 00
1505778080.623903,can0 08FF0001 [8] 00 00 00 00 00 00 00 00
1505778080.624876,can0 0CF00203 [8] 00 00 00 00 00 00 00 00
1505778080.625585,can0 08FF0303 [8] 00 00 00 00 00 00 00 00
1505778080.634943,can0 08FF0001 [8] 00 00 00 00 00 00 00 00
1505778080.635821,can0 0CF00203 [8] 00 00 00 00 00 00 00 00
1505778080.636546,can0 08FF0303 [8] 00 00 00 00 00 00 00 00
1505778080.643798,can0 08FF0001 [8] 00 00 00 00 00 00 00 00
1505778080.644597,can0 0CF00203 [8] 00 00 00 00 00 00 00 00
1505778080.645427,can0 08FF0303 [8] 00 00 00 00 00 00 00 00
1505778080.655029,can0 08FF0001 [8] 00 00 00 00 00 00 00 00
1505778080.655841,can0 0CF00203 [8] 00 00 00 00 00 00 00 00
1505778080.656523,can0 08FF0303 [8] 00 00 00 00 00 00 00 00
1505778080.663798,can0 08FF0001 [8] 00 00 00 00 00 00 00 00
1505778080.664683,can0 0CF00203 [8] 00 00 00 00 00 00 00 00
1505778080.66546,can0 08FF0303 [8] 00 00 00 00 00 00 00 00
1505778080.675013,can0 08FF0001 [8] 00 00 00 00 00 00 00 00
1505778080.675797,can0 0CF00203 [8] 00 00 00 00 00 00 00 00
1505778080.676555,can0 08FF0303 [8] 00 00 00 00 00 00 00 00
1505778080.683807,can0 08FF0001 [8] 00 00 00 00 00 00 00 00
1505778080.684766,can0 0CF00203 [8] 00 00 00 00 00 00 00 00
1505778080.685465,can0 08FF0303 [8] 00 00 00 00 00 00 00 00
1505778080.69836,can0 08FF0001 [8] 00 00 00 00 00 00 00 00
1505778080.699238,can0 0CF00203 [8] 00 00 00 00 00 00 00 00
1505778080.700198,can0 08FF0303 [8] 00 00 00 00 00 00 00 00
1505778080.700978,can0 18F00503 [8] 00 00 00 00 00 00 00 00
1505778080.706101,can0 08FF0001 [8] 00 00 00 00 00 00 00 00
1505778080.706887,can0 0CF00203 [8] 00 00 00 00 00 00 00 00
1505778080.396788,can1 18F0010B [8] 00 00 00 00 00 00 00 00
1505778080.401823,can1 18FEF117 [8] 00 00 00 00 00 00 00 00
1505778080.402698,can1 18FEF128 [8] 00 00 00 00 00 00 00 00
1505778080.403616,can1 18FEF121 [8] 00 00 00 00 00 00 00 00
1505778080.404415,can1 18FEF131 [8] 00 00 00 00 00 00 00 00
1505778080.407736,can1 18E00017 [8] 00 00 00 00 00 00 00 00
1505778080.408606,can1 18E00019 [8] 00 00 00 00 00 00 00 00
1505778080.409398,can1 18E00021 [8] 00 00 00 00 00 00 00 00
1505778080.410085,can1 18E00028 [8] 00 00 00 00 00 00 00 00
1505778080.410735,can1 18E00031 [8] 00 00 00 00 00 00 00 00
1505778080.411471,can1 18FEF017 [8] 00 00 00 00 00 00 00 00
1505778080.412102,can1 18FEF021 [8] 00 00 00 00 00 00 00 00
1505778080.41272,can1 18FEF028 [8] 00 00 00 00 00 00 00 00
1505778080.418881,can1 18FEF031 [8] 00 00 00 00 00 00 00 00
1505778080.419806,can1 18F0010B [8] CF FF F0 FF FF DC FF FF
1505778080.42054,can1 0CFE6E0B [8] 00 00 00 00 00 00 00 00
1505778080.421365,can1 18FEBF0B [8] C0 6B 7D 7D FE FE FF FF
1505778080.436375,can1 0CFE6E0B [8] 00 00 00 00 00 00 00 00
1505778080.45394,can1 0CFE6E0B [8] 00 00 00 00 00 00 00 00
1505778080.473896,can1 0CFE6E0B [8] 00 00 00 00 00 00 00 00
1505778080.493888,can1 0CFE6E0B [8] 00 00 00 00 00 00 00 00
1505778080.495049,can1 18F00131 [8] 00 00 00 00 00 00 00 00
1505778080.496004,can1 18F0010B [8] 00 00 00 00 00 00 00 00
1505778080.500509,can1 18FEF117 [8] 00 00 00 00 00 00 00 00
1505778080.501467,can1 18FEF128 [8] 00 00 00 00 00 00 00 00
1505778080.502337,can1 18FEF121 [8] 00 00 00 00 00 00 00 00
1505778080.503127,can1 18FEF131 [8] 00 00 00 00 00 00 00 00
1505778080.503932,can1 18E00017 [8] 00 00 00 00 00 00 00 00
1505778080.507322,can1 18E00019 [8] 00 00 00 00 00 00 00 00
1505778080.508082,can1 18E00021 [8] 00 00 00 00 00 00 00 00
1505778080.508976,can1 18E00028 [8] 00 00 00 00 00 00 00 00
1505778080.509667,can1 18E00031 [8] 00 00 00 00 00 00 00 00
1505778080.510308,can1 18FEF017 [8] 00 00 00 00 00 00 00 00
1505778080.511048,can1 18FEF021 [8] 00 00 00 00 00 00 00 00
1505778080.511692,can1 18FEF028 [8] 00 00 00 00 00 00 00 00
1505778080.51232,can1 18FEF031 [8] 00 00 00 00 00 00 00 00
1505778080.513045,can1 18F0010B [8] CF FF F0 FF FF DC FF FF
1505778080.516575,can1 0CFE6E0B [8] 00 00 00 00 00 00 00 00
1505778080.518678,can1 18FEBF0B [8] C0 6B 7D 7D FE FE FF FF
1505778080.533935,can1 0CFE6E0B [8] 00 00 00 00 00 00 00 00
1505778080.553899,can1 0CFE6E0B [8] 00 00 00 00 00 00 00 00
1505778080.573884,can1 0CFE6E0B [8] 00 00 00 00 00 00 00 00
1505778080.593888,can1 0CFE6E0B [8] 00 00 00 00 00 00 00 00
1505778080.595051,can1 18F00131 [8] 00 00 00 00 00 00 00 00
1505778080.595984,can1 18F0010B [8] 00 00 00 00 00 00 00 00
1505778080.596825,can1 18FEF117 [8] 00 00 00 00 00 00 00 00
1505778080.597665,can1 18FEF128 [8] 00 00 00 00 00 00 00 00
1505778080.602135,can1 18FEF121 [8] 00 00 00 00 00 00 00 00
1505778080.603071,can1 18FEF131 [8] 00 00 00 00 00 00 00 00
1505778080.603908,can1 18E00017 [8] 00 00 00 00 00 00 00 00
1505778080.604835,can1 18E00019 [8] 00 00 00 00 00 00 00 00
1505778080.605517,can1 18E00021 [8] 00 00 00 00 00 00 00 00
1505778080.608705,can1 18E00028 [8] 00 00 00 00 00 00 00 00
1505778080.609487,can1 18E00031 [8] 00 00 00 00 00 00 00 00
1505778080.610255,can1 18FEF017 [8] 00 00 00 00 00 00 00 00
1505778080.610933,can1 18FEF021 [8] 00 00 00 00 00 00 00 00
1505778080.611582,can1 18FEF028 [8] 00 00 00 00 00 00 00 00
1505778080.612299,can1 18FEF031 [8] 00 00 00 00 00 00 00 00
1505778080.612964,can1 18F0010B [8] CF FF F0 FF FF DC FF FF
1505778080.616476,can1 0CFE6E0B [8] 00 00 00 00 00 00 00 00
1505778080.618813,can1 18FEBF0B [8] C0 6B 7D 7D FE FE FF FF
1505778080.63389,can1 0CFE6E0B [8] 00 00 00 00 00 00 00 00
1505778080.6539,can1 0CFE6E0B [8] 00 00 00 00 00 00 00 00
1505778080.673889,can1 0CFE6E0B [8] 00 00 00 00 00 00 00 00
1505778080.693892,can1 0CFE6E0B [8] 00 00 00 00 00 00 00 00
1505778080.695043,can1 18F00131 [8] 00 00 00 00 00 00 00 00
1505778080.696046,can1 18F0010B [8] 00 00 00 00 00 00 00 00
1505778080.696838,can1 18FEF117 [8] 00 00 00 00 00 00 00 00
1505778080.697662,can1 18FEF128 [8] 00 00 00 00 00 00 00 00
1505778080.702343,can1 18FEF121 [8] 00 00 00 00 00 00 00 00
1505778080.703114,can1 18FEF131 [8] 00 00 00 00 00 00 00 00
1505778080.704073,can1 18E00017 [8] 00 00 00 00 00 00 00 00
1505778080.704863,can1 18E00019 [8] 00 00 00 00 00 00 00 00
1505778080.705544,can1 18E00021 [8] 00 00 00 00 00 00 00 00
1505778080.709747,can1 18E00028 [8] 00 00 00 00 00 00 00 00
1505778080.71055,can1 18E00031 [8] 00 00 00 00 00 00 00 00
1505778080.711246,can1 18FEF017 [8] 00 00 00 00 00 00 00 00
1505778080.712007,can1 18FEF021 [8] 00 00 00 00 00 00 00 00
1505778080.712669,can1 18FEF028 [8] 00 00 00 00 00 00 00 00
1505778080.713306,can1 18FEF031 [8] 00 00 00 00 00 00 00 00
1505778080.716946,can1 18F0010B [8] CF FF F0 FF FF DC FF FF
1505778080.717771,can1 0CFE6E0B [8] 00 00 00 00 00 00 00 00
1505778080.718939,can1 18FEBF0B [8] C0 6B 7D 7D FE FE FF FF
1505778080.736334,can1 0CFE6E0B [8] 00 00 00 00 00 00 00 00
1505778080.754003,can1 0CFE6E0B [8] 00 00 00 00 00 00 00 00
1505778080.773993,can1 0CFE6E0B [8] 00 00 00 00 00 00 00 00
1505778080.794159,can1 0CFE6E0B [8] 00 00 00 00 00 00 00 00
1505778080.795404,can1 18F00131 [8] 00 00 00 00 00 00 00 00
1505778080.800316,can1 18F0010B [8] 00 00 00 00 00 00 00 00
1505778080.801245,can1 18FEF117 [8] 00 00 00 00 00 00 00 00
1505778080.802109,can1 18FEF128 [8] 00 00 00 00 00 00 00 00
1505778080.802875,can1 18FEF121 [8] 00 00 00 00 00 00 00 00
1505778080.810304,can1 18FEF131 [8] 00 00 00 00 00 00 00 00
1505778080.811127,can1 18E00017 [8] 00 00 00 00 00 00 00 00
1505778080.811948,can1 18E00019 [8] 00 00 00 00 00 00 00 00
1505778080.812612,can1 18E00021 [8] 00 00 00 00 00 00 00 00
1505778080.821225,can1 18E00028 [8] 00 00 00 00 00 00 00 00
1505778080.822131,can1 18E00031 [8] 00 00 00 00 00 00 00 00
1505778080.822856,can1 18FEF017 [8] 00 00 00 00 00 00 00 00
1505778080.826535,can1 18FEF021 [8] 00 00 00 00 00 00 00 00
1505778080.830621,can1 18FEF028 [8] 00 00 00 00 00 00 00 00
1505778080.831584,can1 18FEF031 [8] 00 00 00 00 00 00 00 00
1505778080.832293,can1 18F0010B [8] CF FF F0 FF FF DC FF FF
1505778080.833052,can1 0CFE6E0B [8] 00 00 00 00 00 00 00 00
1505778080.83677,can1 18FEBF0B [8] C0 6B 7D 7D FE FE FF FF
1505778080.837555,can1 0CFE6E0B [8] 00 00 00 00 00 00 00 00
1505778080.853911,can1 0CFE6E0B [8] 00 00 00 00 00 00 00 00
1505778080.873946,can1 0CFE6E0B [8] 00 00 00 00 00 00 00 00
1505778080.89393,can1 0CFE6E0B [8] 00 00 00 00 00 00 00 00
1505778080.895059,can1 18F00131 [8] 00 00 00 00 00 00 00 00
1505778080.896127,can1 18F0010B [8] 00 00 00 00 00 00 00 00
1505778080.89692,can1 18FEF117 [8] 00 00 00 00 00 00 00 00
1505778080.901757,can1 18FEF128 [8] 00 00 00 00 00 00 00 00
1505778080.9026,can1 18FEF121 [8] 00 00 00 00 00 00 00 00
1505778080.903372,can1 18FEF131 [8] 00 00 00 00 00 00 00 00
1505778080.904275,can1 18E00017 [8] 00 00 00 00 00 00 00 00
1505778080.907515,can1 18E00019 [8] 00 00 00 00 00 00 00 00
1505778080.908284,can1 18E00021 [8] 00 00 00 00 00 00 00 00
1505778080.909139,can1 18E00028 [8] 00 00 00 00 00 00 00 00
1505778080.909834,can1 18E00031 [8] 00 00 00 00 00 00 00 00
1505778080.910479,can1 18FEF017 [8] 00 00 00 00 00 00 00 00
1505778080.911186,can1 18FEF021 [8] 00 00 00 00 00 00 00 00
1505778080.911842,can1 18FEF028 [8] 00 00 00 00 00 00 00 00
1505778080.912473,can1 18FEF031 [8] 00 00 00 00 00 00 00 00
1505778080.913172,can1 18F0010B [8] CF FF F0 FF FF DC FF FF
1505778080.916659,can1 0CFE6E0B [8] 00 00 00 00 00 00 00 00
1505778080.91921,can1 18FEBF0B [8] C0 6B 7D 7D FE FE FF FF
1505778080.933908,can1 0CFE6E0B [8] 00 00 00 00 00 00 00 00
1505778080.953957,can1 0CFE6E0B [8] 00 00 00 00 00 00 00 00
1505778080.973911,can1 0CFE6E0B [8] 00 00 00 00 00 00 00 00
1505778080.993908,can1 0CFE6E0B [8] 00 00 00 00 00 00 00 00
1505778080.995067,can1 18F00131 [8] 00 00 00 00 00 00 00 00
1505778080.996005,can1 18F0010B [8] 00 00 00 00 00 00 00 00
1505778081.00079,can1 18FEF117 [8] 00 00 00 00 00 00 00 00
